100
5.928446e-01 5.696184e-01
8.442657e-01 7.037373e-01
8.579456e-01 2.884764e-01
8.472517e-01 4.332881e-01
6.235637e-01 7.561067e-01
3.843817e-01 3.960983e-01
2.975346e-01 8.960384e-01
5.671298e-02 6.389211e-01
2.726563e-01 8.915544e-01
4.776651e-01 6.800556e-01
8.121687e-01 4.491977e-01
4.799772e-01 9.785709e-01
3.927848e-01 1.162019e-01
8.360788e-01 7.670237e-01
3.373962e-01 4.118201e-01
6.481719e-01 6.754391e-01
3.682415e-01 2.497963e-01
9.571552e-01 3.132183e-01
1.403508e-01 9.654162e-01
8.700873e-01 5.884651e-01
4.736080e-01 6.596684e-01
8.009108e-01 5.332063e-01
5.204775e-01 2.305330e-01
6.788795e-01 3.948693e-01
7.206327e-01 6.188086e-01
5.820198e-01 4.748675e-01
5.373732e-01 4.701322e-01
7.586156e-01 7.160745e-01
1.059076e-01 2.879910e-01
4.736004e-01 3.834622e-01
1.863323e-01 7.491698e-01
7.369182e-01 8.784522e-01
2.165504e-01 1.028634e-01
1.352182e-01 9.237389e-02
3.241410e-01 3.540467e-01
1.496749e-01 5.518163e-01
2.223214e-01 3.362509e-02
3.864890e-01 9.689618e-01
9.025985e-01 3.209972e-01
4.499500e-01 2.212627e-01
6.130635e-01 1.412639e-01
9.023486e-01 9.725993e-02
9.928035e-02 9.840422e-01
9.698091e-01 2.603409e-01
6.531400e-01 5.370225e-01
1.709096e-01 4.479262e-01
3.581522e-01 9.956908e-02
7.506861e-01 3.523117e-01
6.078307e-01 4.692492e-01
3.250472e-01 8.411401e-01
3.842543e-02 9.046477e-01
6.342741e-01 3.755938e-02
9.589493e-01 5.083155e-01
6.527903e-01 1.668475e-01
6.350589e-01 7.790510e-01
9.952996e-01 8.649333e-01
5.818503e-01 4.113967e-01
4.143686e-01 1.399726e-01
4.746975e-01 3.322239e-02
6.235101e-01 9.825750e-01
3.380076e-01 3.732908e-01
6.747523e-01 4.200754e-01
3.172017e-01 5.058811e-02
7.783455e-01 3.654961e-01
9.495711e-01 1.662797e-02
6.625269e-01 2.307423e-01
1.357164e-02 7.649117e-01
6.228461e-01 9.441235e-01
6.736596e-01 7.499992e-01
9.719450e-01 3.394038e-01
8.781935e-01 4.895489e-01
5.096244e-01 3.389851e-01
5.571469e-02 1.794903e-01
4.511592e-01 1.709866e-01
1.998767e-02 4.634510e-01
4.417109e-01 8.745730e-01
9.795867e-01 9.441198e-01
3.594445e-01 6.082529e-01
4.808935e-01 5.966554e-01
6.886612e-01 7.836442e-01
8.804759e-01 5.000263e-01
9.182355e-01 5.037006e-02
2.168221e-01 6.990981e-01
5.651889e-01 9.923964e-01
8.651026e-01 2.672625e-01
5.089690e-01 6.790906e-01
9.167230e-01 8.642814e-01
9.211576e-01 7.508442e-01
8.311249e-02 9.644898e-01
2.777186e-01 5.542424e-01
9.356702e-03 2.123905e-01
8.423421e-01 2.224432e-01
6.471741e-01 2.187494e-01
8.413861e-01 5.695735e-01
2.647302e-01 4.521090e-01
3.978208e-01 9.702367e-01
5.528215e-01 6.805447e-01
1.649405e-01 8.529557e-02
3.698081e-01 5.641833e-02
1.464418e-01 4.878377e-01
