1.993902e+00
7.115972e-03 9.895429e-03
-5.137295e-03 -3.640119e-04
5.905431e-03 -9.442041e-03
1.425700e-03 3.578410e-04
1.270159e-03 -8.882481e-03
-5.876197e-03 -3.490397e-03
-4.053030e-03 -3.868223e-03
2.747980e-03 -5.367437e-04
7.190117e-03 8.301623e-03
1.758587e-03 5.197158e-03
-1.011956e-02 -7.878937e-03
9.364733e-04 5.826766e-03
-1.798061e-03 5.867788e-03
1.358956e-03 7.673441e-03
-1.379129e-03 -1.625968e-03
4.881970e-03 1.088223e-02
1.473487e-03 2.799006e-03
-3.282397e-03 4.277287e-03
1.915408e-03 4.319098e-03
4.862578e-03 -8.566622e-03
-9.595988e-03 4.038264e-03
-8.856162e-03 4.658383e-03
8.494666e-03 1.019665e-03
-6.631886e-04 -3.319749e-03
-7.272592e-04 -1.198028e-03
-8.000590e-03 -3.944887e-03
-5.066224e-03 4.331229e-03
6.166526e-03 -6.829086e-04
5.608252e-03 3.438671e-03
7.853270e-03 5.473627e-03
6.281697e-03 -7.137361e-05
5.411261e-03 3.399904e-03
-3.378662e-03 -1.100487e-04
-8.995570e-03 2.697672e-03
-3.970852e-03 4.212171e-03
-4.316669e-03 2.962555e-03
-4.958434e-03 5.662542e-03
-2.469260e-03 1.954144e-03
-3.739143e-03 1.851090e-03
-1.603642e-03 -1.045136e-02
1.754345e-03 1.057027e-02
-4.081701e-03 -4.497299e-03
-5.943794e-03 -1.537309e-03
9.972118e-04 5.935999e-03
-1.938506e-03 -3.147473e-03
-3.911966e-04 -2.287834e-03
-1.836853e-03 1.652703e-03
-7.464135e-03 -5.805780e-04
-3.522206e-03 -4.922852e-03
-8.596921e-03 6.283987e-03
7.987208e-03 1.166514e-03
-3.830656e-03 -6.618047e-03
4.859142e-03 1.571580e-03
-6.264553e-03 -1.816489e-03
-7.689702e-03 1.122219e-03
2.543232e-03 7.051128e-05
8.564001e-03 -1.905710e-03
-2.476114e-03 -2.239926e-03
6.439575e-03 -2.410281e-03
2.743859e-03 7.272995e-03
-1.871011e-03 9.470783e-03
7.230900e-03 -9.191996e-03
-1.589086e-03 -9.800848e-03
5.685672e-03 -4.036699e-03
3.339418e-03 -8.299867e-03
2.757065e-03 -2.431776e-03
2.294687e-03 -2.545818e-04
-7.559882e-03 1.105393e-03
-8.689923e-03 5.194431e-03
-7.111838e-03 1.051876e-02
-4.191793e-03 3.055994e-03
4.774637e-03 -8.634268e-03
-6.964221e-03 3.990672e-03
-8.046792e-03 3.423039e-03
8.459574e-03 -9.620359e-03
-5.362181e-03 -1.016301e-02
1.194039e-03 9.012739e-04
8.674852e-03 3.425489e-05
-1.723634e-03 3.347273e-03
-9.500706e-03 3.414077e-03
2.750470e-04 1.008190e-02
-2.611511e-03 -7.126732e-04
5.361844e-03 -2.517855e-03
7.986002e-03 -9.826350e-03
-6.193199e-03 -7.567021e-03
5.314949e-03 -7.147612e-04
4.349453e-03 3.469190e-03
2.607310e-03 3.874394e-03
2.010357e-03 -5.713959e-03
8.240489e-03 -5.630861e-03
-3.830462e-03 1.511109e-03
-2.182817e-04 1.014200e-02
7.924059e-03 -4.363184e-03
-5.031745e-03 7.838060e-03
-5.594343e-03 -1.011474e-02
9.280678e-03 5.891891e-03
-2.399975e-03 1.035357e-02
6.697924e-03 -5.313381e-03
5.883627e-04 -2.382123e-04
-1.662913e-03 4.589648e-03
-5.989597e-03 1.301520e-03
-6.628135e-03 4.705141e-03
-7.795016e-03 4.244298e-03
-4.687782e-03 -4.466520e-03
-1.020616e-02 -2.596524e-03
6.453500e-03 7.822395e-03
8.235382e-03 -4.354980e-03
4.812243e-05 4.822564e-03
3.591766e-03 -3.071731e-03
-1.338478e-04 -7.109310e-03
-1.016752e-02 -1.359299e-04
-4.598072e-04 -9.135261e-03
-5.777609e-03 1.043518e-03
-2.583444e-03 -1.030788e-02
3.697123e-03 -3.287327e-03
3.737111e-03 5.154305e-03
7.617276e-03 -8.600570e-03
8.059851e-03 -3.858996e-03
-7.258259e-03 -3.695450e-04
-4.644069e-03 3.276729e-03
7.950365e-04 -8.834304e-03
-9.917788e-03 -1.042847e-02
-3.949117e-03 -1.816739e-03
-8.957142e-03 3.265375e-03
-7.427975e-03 5.651020e-04
2.185953e-03 -6.563830e-03
1.083413e-03 4.970533e-03
3.224399e-03 2.160373e-03
7.225068e-03 -1.023672e-03
-9.681429e-03 -6.150666e-03
7.003213e-03 4.059987e-03
6.387301e-05 3.173185e-04
1.505036e-03 -1.754829e-03
-6.044646e-03 -5.943070e-03
-3.379194e-04 7.326420e-03
1.781403e-03 2.374756e-03
-8.837946e-05 4.927481e-04
8.051077e-03 2.079528e-03
8.195113e-03 -1.001162e-02
1.435305e-05 -4.277439e-03
-1.140106e-03 4.593989e-04
4.857659e-03 1.568106e-03
2.132407e-04 -6.517504e-03
-1.147605e-04 2.101531e-03
6.283943e-03 -6.208449e-03
7.043220e-03 -4.628005e-03
-5.933027e-03 -5.542142e-04
3.271230e-03 2.925541e-03
8.452214e-04 3.051639e-03
6.842047e-03 3.574160e-04
-2.466781e-03 -4.359905e-04
3.709080e-03 1.230476e-03
-3.064199e-03 3.980659e-03
-6.438247e-03 -8.730810e-03
-4.005130e-03 6.368826e-03
4.093679e-03 -4.197315e-03
4.367928e-03 1.830331e-03
2.014515e-03 2.462976e-03
-2.605139e-03 3.834491e-03
1.040526e-02 8.589839e-03
-2.809642e-03 -2.958351e-03
2.273477e-03 -8.652197e-03
-3.320962e-03 6.236903e-04
-9.728533e-04 -5.424001e-03
6.461131e-03 -4.311019e-03
1.259432e-03 -6.350516e-03
-3.042674e-03 9.934006e-03
3.623794e-03 -6.544456e-03
3.239426e-03 4.473257e-03
2.609551e-03 5.757394e-03
-5.958850e-04 8.934235e-03
-1.812286e-04 7.657342e-03
-1.198761e-03 1.584102e-03
8.729892e-03 -1.032098e-02
-9.690133e-03 -2.358846e-03
-2.511929e-03 4.253849e-03
1.011911e-02 -5.302070e-03
6.649741e-03 -5.370916e-03
-9.562187e-03 3.266853e-03
-6.896270e-03 3.139023e-03
-7.143991e-03 -7.451458e-03
-3.294161e-03 1.466114e-03
-4.651606e-03 1.676028e-03
-1.347108e-03 -1.354528e-04
4.404667e-03 6.303370e-03
-7.317753e-03 7.118751e-04
-1.569382e-03 2.048849e-03
-1.380457e-03 1.675602e-03
-2.685205e-03 2.651490e-03
-3.939512e-04 -1.607437e-04
1.014034e-02 -6.678812e-03
3.587262e-03 3.232633e-03
-7.442324e-03 1.688736e-04
1.512513e-03 -2.632399e-03
-4.645621e-03 -6.233035e-03
-1.528203e-03 4.371675e-03
8.576211e-03 1.393327e-03
-3.845028e-03 1.121119e-03
-1.191506e-03 -1.029388e-02
9.426445e-03 -9.157222e-04
-8.714525e-03 5.902224e-03
-2.963705e-03 -6.389114e-03
-3.213409e-03 -1.006269e-02
-4.532137e-04 4.691006e-03
-9.412265e-04 -5.963440e-03
3.742527e-03 8.197164e-03
-3.547641e-03 8.279759e-03
6.101229e-03 8.590050e-04
1.137603e-03 1.417009e-04
2.907219e-03 4.626783e-04
-9.363219e-03 -8.977367e-03
-6.003969e-03 2.621598e-03
6.015054e-04 1.474314e-03
-3.363347e-03 -2.735869e-03
-4.876510e-03 4.651354e-03
-6.751829e-03 6.982241e-04
-7.245112e-03 3.342754e-03
3.614433e-04 5.339099e-03
-4.456500e-03 -7.715456e-03
-2.838459e-03 4.953029e-03
7.854331e-03 -1.443149e-03
-4.963876e-03 -5.894495e-03
1.867065e-03 6.661332e-03
-6.959426e-03 -9.942781e-03
-7.938502e-04 7.711041e-03
3.404426e-03 2.611623e-04
5.244965e-03 6.949756e-04
-1.415948e-03 -6.933774e-03
-6.645436e-03 4.142055e-03
6.510125e-04 -7.926215e-03
4.457180e-03 8.219195e-03
1.042971e-02 -2.183511e-04
5.425803e-03 -4.025937e-03
3.811545e-04 -3.206955e-03
-1.095137e-03 -4.012380e-03
-8.100441e-03 -6.883461e-03
-4.628901e-03 -2.366486e-03
-5.677538e-04 8.921146e-03
-1.966573e-03 -1.154805e-03
-4.897041e-03 1.095703e-02
6.258644e-03 7.030841e-03
-1.927923e-03 -3.416737e-03
-5.309158e-03 4.355372e-03
-2.871474e-03 -1.957824e-03
3.561342e-03 -8.179445e-04
8.719588e-03 -9.510159e-03
2.193233e-03 7.938185e-03
-2.403823e-03 -6.812839e-03
7.592837e-05 9.514657e-03
-7.242716e-03 4.877716e-03
1.749053e-03 7.860435e-04
4.565332e-04 1.029294e-02
-2.812718e-03 -5.244319e-03
9.485850e-04 5.967004e-03
-1.245602e-03 2.053162e-03
4.584335e-03 -6.309658e-03
-1.881766e-03 3.698031e-03
-2.605323e-03 -1.140820e-03
-6.066808e-03 -6.648966e-03
6.786865e-03 5.141228e-03
-1.178269e-03 -1.769017e-04
6.146170e-03 5.112715e-03
3.282775e-03 1.090605e-02
1.256013e-03 -1.148711e-03
4.952877e-03 4.733660e-03
2.230331e-03 7.980630e-03
-5.727939e-03 1.009655e-02
1.584594e-03 3.415912e-03
-7.898094e-03 3.502220e-03
7.075720e-03 -4.118164e-03
4.305933e-03 1.163793e-03
-1.016939e-02 -3.387302e-03
8.119249e-03 2.342592e-03
-4.182177e-03 1.703508e-03
-3.309523e-03 3.224755e-03
6.577732e-03 2.294570e-03
8.929538e-03 1.032379e-02
-3.739324e-03 2.567830e-03
-9.908312e-05 7.019296e-03
3.467530e-03 -1.484541e-03
7.769564e-05 -1.004135e-02
-9.090157e-03 -4.724891e-03
-4.402197e-03 -7.456396e-03
5.548812e-03 8.119724e-04
5.672788e-03 9.183696e-03
9.546603e-03 -2.427930e-03
-4.177243e-03 3.624118e-03
9.199977e-03 5.501158e-03
8.599593e-04 9.489899e-03
8.344869e-03 -5.548375e-03
-6.997649e-03 -7.511678e-03
9.064214e-03 1.262752e-03
-1.549609e-03 -2.882251e-03
-6.605161e-03 -3.944142e-03
-8.532692e-03 -4.358849e-03
-4.648154e-03 9.718758e-03
5.767517e-03 6.045512e-04
-8.173882e-05 -3.231215e-03
9.749683e-03 1.096653e-03
2.137184e-03 5.363044e-03
-3.179423e-03 5.243618e-03
1.937623e-03 -2.092303e-04
-3.718622e-03 4.959286e-03
1.901324e-03 -5.673756e-03
-6.653702e-03 9.354466e-04
-1.907149e-03 5.920270e-03
4.046345e-04 -2.586061e-03
-1.026748e-02 -3.455880e-03
5.127998e-04 6.005532e-03
-1.844455e-03 -2.875975e-03
2.389024e-04 2.719917e-04
-4.265801e-03 -7.059219e-03
7.355954e-03 -4.733451e-03
5.625174e-03 3.247029e-03
-3.669679e-03 -9.996437e-03
7.413475e-03 -2.050249e-03
5.044093e-03 -3.350934e-03
-1.675046e-03 -4.986234e-03
-1.109969e-03 -6.246181e-03
1.013122e-02 -2.298387e-03
-5.974462e-03 4.055800e-03
-5.497617e-03 2.908489e-03
-6.362243e-03 4.868881e-03
-6.961481e-03 4.630115e-03
3.551729e-03 -8.179574e-03
2.122930e-03 -2.084031e-03
-1.793323e-04 1.314154e-03
-1.297169e-03 5.624111e-03
-8.508537e-04 -3.963727e-03
6.227816e-03 2.161209e-03
3.527593e-03 7.410747e-03
1.594082e-04 -8.627634e-03
3.556622e-03 8.801051e-03
-4.525262e-03 -1.047379e-02
1.023114e-02 -2.777117e-03
-1.147443e-03 2.668152e-03
2.326232e-03 5.953271e-03
-2.911250e-03 7.503059e-03
3.700411e-03 3.002339e-03
7.121694e-04 -5.675593e-03
-2.103302e-03 9.726371e-03
-7.623704e-03 -4.053972e-03
-8.260974e-03 -1.646876e-03
-2.858803e-03 -2.088593e-04
-3.671836e-03 -1.296731e-03
4.538560e-03 2.365119e-04
-1.029001e-02 -7.300114e-04
1.009336e-02 -7.086364e-03
6.298586e-03 -9.466804e-03
9.203575e-03 8.529450e-03
2.723634e-04 4.209539e-03
3.654940e-03 1.446513e-03
-6.199028e-03 -9.945470e-03
7.637780e-03 9.683721e-03
-2.859957e-03 5.523273e-03
-6.578733e-03 1.721693e-03
1.993653e-03 -3.029376e-03
3.694403e-03 3.380337e-03
1.296760e-03 -2.404949e-04
-8.736352e-03 -4.473620e-03
5.586103e-03 1.076869e-02
4.284966e-03 2.258909e-03
3.971236e-04 -3.308118e-03
-1.439867e-03 -2.643758e-04
9.444397e-04 3.512725e-03
-3.041376e-03 1.023156e-02
-6.051452e-04 1.500870e-03
-5.207031e-03 -7.718827e-03
-2.612576e-03 5.327188e-03
4.426298e-03 -7.634643e-03
3.128162e-03 3.162781e-03
-9.692822e-05 1.153707e-03
-1.347750e-03 -4.094116e-04
2.843253e-03 -1.094706e-02
7.789695e-03 3.918380e-04
-3.953940e-04 6.339185e-03
-1.102706e-03 -1.121731e-03
-3.171758e-03 -3.519790e-03
-7.258347e-04 2.259731e-03
9.574549e-03 -9.145341e-04
-2.662703e-03 2.881534e-03
6.567844e-03 -3.442725e-03
-2.493012e-03 4.559592e-03
-8.871912e-03 -2.769779e-04
2.278409e-03 -3.334397e-03
5.835445e-03 6.904433e-03
5.333922e-03 3.965753e-03
-4.203908e-03 -8.051412e-04
-2.214054e-05 -4.603384e-03
-2.352538e-03 4.236260e-03
-8.342611e-03 -3.582194e-03
2.486069e-03 7.726066e-03
7.525320e-04 -4.945086e-03
7.008181e-03 -4.360102e-04
5.705749e-03 2.633010e-03
-3.301168e-03 -3.449196e-03
1.404841e-03 -6.924452e-03
5.401608e-03 -4.293611e-03
-5.730136e-03 -7.695984e-03
4.355463e-03 -1.098990e-05
2.013008e-04 -2.345427e-04
8.389029e-04 1.430632e-03
-6.449728e-03 3.166991e-03
-9.557803e-03 -1.397131e-03
1.522997e-03 5.425385e-03
-7.030701e-03 1.821846e-03
2.149436e-03 -9.295213e-03
9.550991e-04 -2.608987e-03
-3.819359e-03 -7.138571e-03
9.360908e-04 4.542339e-03
7.548899e-03 1.914865e-03
-8.109841e-03 3.111473e-03
-4.230920e-03 5.255133e-03
-3.914713e-03 7.980544e-03
6.804837e-03 -1.105994e-03
-8.259985e-03 1.589493e-03
2.084772e-03 9.269648e-04
5.529321e-03 9.717873e-03
2.038955e-03 3.072185e-03
4.790242e-03 1.028650e-03
-2.922078e-03 6.304075e-03
5.983373e-03 -5.900532e-03
-6.925181e-03 2.836087e-04
1.029006e-02 -5.114433e-03
4.843284e-03 -8.358674e-04
-9.720838e-03 -3.553716e-03
-3.451938e-03 -2.472854e-04
6.049484e-03 -1.118935e-03
-4.181444e-03 -3.271923e-03
-4.859000e-03 2.517359e-04
-8.638347e-03 -6.999278e-04
-7.064504e-03 -1.875585e-03
-1.852062e-04 1.016680e-02
-8.680344e-03 -3.143449e-03
6.927516e-03 4.031257e-03
-1.330281e-03 -8.287878e-03
-3.623825e-03 -3.859941e-03
5.112769e-03 -9.225466e-03
6.410382e-03 1.687897e-03
2.267752e-03 -1.838739e-03
6.096953e-03 1.942094e-03
-9.077230e-03 -5.390016e-04
-6.836873e-03 -8.185190e-03
-3.971599e-03 -6.712220e-03
4.022279e-03 2.448134e-03
-6.408157e-03 -1.297437e-03
-2.003185e-03 2.976383e-03
3.013304e-03 1.524286e-03
2.107104e-03 4.354533e-03
4.123635e-03 5.662360e-03
-8.532112e-03 1.967967e-03
9.893456e-03 1.771189e-03
7.712154e-03 5.576596e-04
-3.550237e-03 -5.854731e-03
-8.089062e-03 7.430063e-04
1.161690e-03 -8.186337e-03
1.873788e-03 -4.553910e-03
3.041520e-03 1.773039e-03
-7.340723e-03 7.665579e-03
4.049137e-03 -1.800910e-04
4.095361e-03 6.076482e-04
9.119794e-03 2.989880e-03
-1.529089e-03 9.926772e-03
-3.722064e-03 2.621384e-03
-8.138420e-03 3.704910e-03
-4.211376e-03 1.792064e-03
4.615820e-03 -8.552514e-03
1.393696e-03 1.958825e-03
9.473626e-03 -1.890814e-03
-1.030352e-03 -8.842792e-03
7.392742e-03 -4.137115e-03
-2.722066e-03 3.982474e-03
-1.479589e-03 -6.283274e-03
1.598692e-03 -8.634070e-03
-7.078022e-04 9.048367e-03
2.847049e-03 -5.389388e-03
-7.896046e-03 -1.049850e-02
9.421659e-03 3.674168e-04
-4.685790e-03 1.368172e-03
-4.096961e-03 -7.128776e-03
2.545186e-03 -9.230914e-03
1.138980e-03 -2.024710e-03
-2.916108e-03 1.120200e-03
-1.622220e-03 8.219822e-03
1.376547e-04 -5.213703e-04
-1.376262e-03 9.899179e-03
-6.585592e-03 -8.557465e-03
8.003477e-03 -1.600739e-03
-4.186457e-04 3.004826e-03
1.412727e-03 -8.867386e-03
8.769159e-03 -3.169808e-03
8.057362e-03 1.522649e-03
9.841068e-03 -6.749011e-03
5.135394e-03 6.725224e-03
-2.435256e-03 -1.010178e-02
-2.351924e-03 3.862199e-03
-2.714209e-03 -6.057665e-03
5.653202e-03 -2.917071e-03
1.046310e-02 -2.285370e-03
4.246723e-03 -1.606650e-03
