1.989588e+00
-1.080207e-02 2.913363e-03
7.199249e-03 -1.020650e-02
-8.798715e-03 -4.851073e-03
1.134975e-03 -7.773843e-03
-1.113267e-03 7.176696e-04
-1.323710e-02 1.158203e-02
-1.216049e-02 8.159275e-04
-4.973014e-03 3.894885e-03
-9.857663e-03 4.993994e-03
3.500224e-03 -3.444975e-03
-7.954817e-03 -1.084333e-02
-8.350977e-04 4.370118e-04
-5.818667e-03 -8.501943e-03
-2.637884e-03 -1.017315e-02
-1.652227e-04 -7.054732e-03
9.758608e-03 1.609659e-03
5.129986e-03 8.685128e-04
1.236757e-02 3.110178e-03
-1.727946e-03 3.585337e-03
8.508454e-04 5.024751e-03
-3.614449e-03 -5.027307e-03
1.436622e-03 -9.681557e-04
-4.320088e-03 -9.860544e-03
-8.104819e-04 1.015231e-02
4.927403e-03 -1.239339e-02
6.526937e-03 8.814501e-03
-4.733457e-03 -7.754836e-03
8.992358e-03 -9.974219e-03
4.010824e-03 1.121701e-02
-1.314217e-02 -4.520404e-03
-8.044836e-03 -3.502590e-03
-3.213523e-03 -3.237100e-03
6.279031e-03 -3.315526e-03
-1.789041e-03 1.167645e-02
-1.329469e-03 9.062713e-04
-1.524007e-03 -2.569936e-03
5.680736e-03 -8.118222e-03
3.903454e-03 1.982067e-03
-1.301579e-02 7.264243e-04
-3.413278e-03 -3.077231e-05
1.022184e-03 1.143352e-02
4.696848e-03 3.919103e-03
1.846417e-03 -7.243423e-03
-6.159233e-03 2.815526e-03
2.668759e-03 1.294195e-03
2.845753e-03 -4.164132e-03
8.213712e-03 7.274095e-03
6.344360e-03 -9.331047e-04
-2.249383e-03 8.025383e-03
-1.061133e-02 -3.430613e-04
4.999212e-03 -7.468978e-03
-1.110413e-02 -3.885269e-03
7.233232e-03 2.325647e-03
3.454208e-03 -5.736092e-03
-9.602023e-04 5.815174e-03
-2.474105e-03 -8.781359e-03
2.297332e-04 2.245605e-03
-7.638302e-04 3.224595e-03
6.262984e-03 2.529853e-03
-3.402338e-03 -9.870461e-03
7.319174e-03 -3.555565e-03
-2.216066e-04 -1.143208e-02
6.355316e-04 7.794852e-03
6.778731e-03 2.884488e-03
3.225655e-04 -1.273910e-02
-8.048857e-03 1.074459e-02
-3.703427e-03 -3.862947e-03
6.225174e-03 1.292161e-02
-3.334718e-03 -1.157369e-02
-1.311121e-02 1.703733e-03
-3.371527e-04 -8.790771e-04
-1.287025e-02 5.074919e-03
5.263126e-05 7.461652e-03
9.944966e-03 -4.519723e-03
-6.057344e-03 1.173535e-02
1.025472e-02 6.264477e-03
-4.264220e-03 -5.042355e-03
-6.965269e-03 9.587239e-03
1.318405e-02 2.364289e-04
3.454562e-03 2.950665e-04
4.792724e-03 4.378128e-03
-8.986585e-03 8.587002e-03
-1.016232e-02 2.497408e-03
2.903840e-03 -9.655247e-03
-3.125526e-03 3.961153e-03
-2.487405e-03 -8.069520e-04
3.985751e-04 -1.857479e-03
-1.328970e-03 -3.293010e-03
6.591355e-03 -4.800024e-04
1.169123e-03 8.059593e-03
8.562423e-03 1.089767e-02
6.046014e-03 -4.209064e-03
-2.716052e-03 7.338711e-03
5.305090e-03 -1.812101e-04
9.118822e-03 -4.526506e-03
5.643333e-03 -4.881987e-03
-4.124253e-03 2.485655e-03
8.590608e-03 -1.702451e-03
7.249173e-04 6.995206e-03
6.835333e-03 -1.164208e-03
-5.335236e-03 7.097197e-03
-6.172767e-03 6.559126e-04
1.165574e-02 8.842758e-03
5.138180e-03 5.365804e-03
-6.597208e-03 -4.347930e-03
-5.584507e-04 -7.831545e-03
1.399801e-06 7.156321e-03
-7.079671e-03 4.485418e-03
-3.787967e-03 -9.624629e-03
-4.463752e-03 -1.315114e-03
8.768530e-03 3.135907e-03
1.360415e-05 -1.109834e-03
1.185632e-03 -3.466550e-03
-2.865110e-03 7.865042e-03
1.846816e-03 4.282732e-03
-8.824670e-03 -7.855511e-03
-1.224194e-02 -6.880124e-03
1.367966e-02 3.814544e-03
-4.484134e-03 2.989849e-03
-4.742702e-03 -1.118573e-03
-4.280030e-03 -1.036137e-04
-4.877081e-03 1.079613e-02
9.164875e-03 1.259092e-02
7.054196e-03 2.784557e-03
-7.922893e-03 -1.725627e-03
1.344549e-02 4.356578e-03
-2.602253e-03 -2.327918e-04
7.546609e-04 4.780869e-03
-1.790489e-04 -7.693611e-03
-8.499052e-03 -4.236118e-03
7.843360e-03 -5.601541e-03
-5.741750e-03 1.243995e-02
6.725333e-03 2.594380e-03
1.359183e-02 -5.743918e-03
1.323427e-02 -5.236554e-03
-7.547015e-03 1.758333e-03
-5.366336e-04 8.229684e-03
3.769570e-03 -9.295135e-03
-2.913514e-03 9.216040e-03
3.540886e-03 -1.677557e-03
4.702844e-03 -7.398990e-03
6.511395e-03 -2.661289e-03
7.443588e-03 -8.824298e-03
-1.034456e-02 -4.505561e-03
-3.585892e-03 2.767386e-03
9.915257e-04 -1.573435e-04
1.001787e-02 3.266716e-03
-9.804776e-03 -9.601459e-03
-1.664092e-03 9.931537e-03
6.074544e-04 -1.747913e-03
2.590403e-03 1.744499e-03
-3.536931e-03 -1.403599e-02
7.242980e-03 -2.455525e-04
-9.734808e-05 1.099065e-02
3.689903e-03 -6.220152e-04
3.170172e-03 -8.545924e-03
2.097864e-03 -3.399049e-03
1.356747e-02 -8.354459e-03
-7.482888e-03 3.001911e-03
6.584379e-03 7.625416e-03
-3.698308e-03 -1.210995e-02
-9.374379e-03 -1.330027e-02
-4.058351e-03 -5.605362e-03
3.904307e-03 -6.195497e-03
-5.212615e-03 -1.421806e-02
3.560275e-03 -2.901128e-03
-1.289508e-02 -7.534363e-03
1.036786e-02 6.291727e-03
-2.459938e-03 -1.392728e-03
6.030922e-03 -5.331468e-03
4.036070e-03 1.013196e-02
1.718109e-03 -4.019082e-03
-5.393456e-03 1.236625e-02
-1.000142e-03 -8.358831e-03
2.466084e-03 6.675630e-03
5.555040e-03 5.507636e-03
5.858678e-03 2.148972e-03
-2.121648e-03 -7.267888e-04
-1.627807e-03 -1.795421e-03
-9.384436e-03 1.191159e-02
-1.079555e-03 2.382169e-03
7.652700e-03 9.718484e-03
1.216781e-02 6.765502e-04
4.049356e-03 -1.500479e-03
-1.588817e-03 -5.903391e-03
-8.166158e-03 -7.758934e-04
-1.306725e-02 1.105289e-02
-5.634315e-03 3.277176e-04
-2.582447e-03 1.770324e-03
5.564855e-03 3.036974e-03
-8.998886e-04 5.566307e-03
-4.304098e-04 5.548113e-03
2.329522e-04 -1.136195e-03
-2.356450e-03 3.983424e-04
-4.616118e-03 -9.032820e-04
6.107723e-03 7.025527e-03
9.278288e-03 1.068634e-02
-2.498345e-03 1.042280e-03
8.667150e-03 -6.087487e-03
-3.619493e-03 -1.036292e-02
-4.117815e-03 7.701144e-03
-5.892393e-03 2.519948e-03
-1.407733e-03 8.142486e-03
-8.636117e-03 1.172068e-02
1.331682e-02 1.833029e-03
-1.174701e-03 3.909468e-03
1.975021e-03 -5.025935e-03
1.262878e-02 -2.234502e-04
-3.899886e-03 9.503536e-03
-8.155555e-04 -7.647138e-04
-1.804571e-03 -2.223790e-04
5.719422e-03 -3.421108e-03
1.988696e-03 7.037878e-03
1.523089e-03 3.547175e-03
-8.679297e-03 3.115103e-03
-1.262810e-02 3.081134e-03
-5.376786e-03 -1.107865e-02
-1.354594e-02 4.439974e-03
-4.326681e-03 6.543984e-03
1.093134e-02 9.835754e-03
-4.277097e-03 -1.068353e-02
-1.058647e-02 1.006943e-04
-4.333342e-03 -8.091666e-03
1.297011e-02 -5.516621e-03
-1.366076e-03 -1.005328e-02
4.275573e-03 5.798012e-04
1.947386e-03 8.974678e-03
-6.822408e-03 -7.821377e-03
4.593773e-03 -1.535409e-05
-2.413752e-03 2.073013e-03
5.408543e-03 1.123489e-02
5.846765e-03 2.067672e-03
2.300449e-03 1.776641e-03
5.000762e-03 -7.814657e-03
2.370954e-03 -2.060874e-03
2.697932e-03 -1.165452e-03
-1.419798e-02 -1.093714e-03
4.889666e-04 1.323831e-04
-6.889385e-03 -2.446126e-03
5.213357e-03 3.715296e-03
-1.292017e-02 5.795068e-03
-1.101220e-02 -5.639804e-03
-3.193692e-03 -5.567595e-03
1.389407e-03 1.257217e-02
-9.580794e-03 -1.301824e-02
-8.815350e-06 4.903985e-04
6.056880e-03 -1.125505e-02
-1.081733e-02 -9.475356e-03
7.166818e-03 1.657466e-03
3.404915e-03 -6.464277e-03
-8.696053e-03 2.320159e-03
5.250146e-04 1.654134e-03
7.339934e-03 1.187482e-02
1.986695e-03 4.790757e-03
1.339822e-02 5.560098e-03
-3.031264e-03 -1.003513e-02
7.334540e-03 7.271515e-04
-1.657284e-03 -2.323495e-03
7.730461e-03 -1.681201e-03
5.928453e-03 1.135535e-02
-9.381282e-03 -9.160787e-03
3.943401e-03 2.580114e-03
6.890867e-03 7.906458e-03
2.309258e-03 -9.295801e-03
-2.906952e-03 3.772604e-03
-6.507700e-03 -5.786000e-03
1.084382e-03 -3.417596e-03
-1.282026e-02 7.180349e-03
-1.158688e-02 -1.230898e-02
6.489197e-03 5.936502e-03
6.692846e-03 6.677105e-03
-1.302054e-02 -2.726237e-03
-6.635823e-03 2.072192e-03
3.077918e-03 7.618217e-05
9.566802e-03 -4.799939e-03
3.955256e-03 5.564666e-03
5.731592e-03 -1.348055e-02
-1.005749e-02 5.892070e-04
-1.209904e-03 1.173769e-02
9.800882e-03 1.552799e-03
5.088117e-03 -3.373668e-03
-6.094645e-03 -6.281899e-03
-5.385007e-03 1.190390e-02
9.115573e-03 1.173815e-03
4.576599e-03 -1.394719e-02
-1.443928e-03 -7.084313e-03
1.242947e-02 -2.191831e-03
1.234076e-02 -9.177544e-04
-1.141835e-02 -2.550767e-03
6.313344e-04 1.009247e-02
7.949550e-03 -3.552737e-03
1.539851e-03 6.578597e-03
9.139849e-03 8.601485e-03
7.750482e-04 -1.413845e-03
7.270703e-03 -1.410979e-02
2.275300e-03 -3.014036e-03
5.789200e-03 1.039607e-02
-1.202477e-02 7.325261e-03
-4.375914e-03 9.622464e-04
2.198513e-03 2.779864e-03
1.618437e-03 7.856073e-03
1.281089e-02 -2.504039e-03
1.978862e-03 -3.324006e-03
1.166540e-03 2.297519e-03
3.824453e-03 1.371626e-03
-3.293468e-03 -1.042235e-02
-1.490521e-03 -1.383198e-03
1.165902e-03 -8.823651e-03
-6.875304e-03 -2.366437e-04
3.593969e-03 6.629305e-04
-8.923586e-04 -2.493280e-03
-1.546980e-03 -2.186244e-04
1.204148e-02 3.537831e-03
-1.153999e-02 -8.019598e-03
4.100654e-03 -3.588731e-03
2.183346e-03 -5.215117e-04
-1.615730e-03 2.552208e-03
-7.323981e-03 4.436507e-03
-2.445530e-03 -3.831355e-03
-4.746702e-03 -6.305702e-04
1.805276e-03 -4.720134e-03
1.155132e-02 -8.833687e-03
8.609222e-03 -5.542616e-03
2.136717e-03 1.200084e-02
3.000278e-03 6.562439e-03
9.143459e-03 2.133587e-03
3.229056e-03 -4.454154e-03
-1.917623e-04 5.634979e-03
4.736762e-03 1.206618e-02
-5.177057e-03 -8.196568e-03
-1.369757e-02 -1.019998e-02
-1.028251e-02 -7.487868e-03
4.607424e-05 9.089643e-03
-1.615929e-04 -4.696400e-03
2.381851e-03 6.942090e-04
1.231974e-03 1.224331e-02
-1.063145e-02 1.072581e-02
-1.838726e-03 8.864318e-04
-2.022305e-03 8.103458e-06
-2.940896e-03 -2.973579e-03
4.119571e-04 -1.326601e-02
5.129026e-04 -3.021060e-04
6.098550e-04 -4.939227e-03
4.002056e-03 -1.411446e-02
-1.598098e-03 -1.196681e-02
1.687846e-03 9.396279e-03
-1.239828e-02 -7.968362e-03
-1.525785e-03 -6.521733e-03
9.804780e-03 1.017432e-04
8.932354e-03 1.761227e-03
7.695542e-03 -7.999831e-03
-3.152983e-03 -2.784474e-03
-1.015240e-02 1.288230e-02
-2.859916e-03 5.716440e-03
-1.389859e-02 -6.089095e-03
-1.167867e-02 1.175837e-02
1.152532e-02 -1.274094e-02
5.542416e-03 -2.824330e-03
6.292755e-04 1.334364e-02
1.356360e-02 9.517489e-04
8.836110e-03 1.221480e-03
-1.029406e-02 9.518387e-03
-5.680146e-03 4.238499e-03
7.552014e-03 8.720403e-04
8.667731e-03 8.334038e-03
-3.588194e-04 -1.120951e-02
-5.505545e-03 4.872643e-03
5.178374e-03 -5.085966e-04
-1.123463e-02 -8.202224e-03
-7.181598e-03 -1.002986e-04
-3.690432e-03 7.398388e-03
-1.232715e-02 3.952724e-03
1.359514e-02 -1.129610e-03
2.325857e-03 4.357348e-03
-1.317981e-03 -5.097057e-03
-1.296696e-03 -9.208921e-03
3.542671e-04 -1.157799e-02
4.503361e-03 -6.174363e-03
6.802572e-03 1.124768e-02
-1.000662e-03 4.641874e-03
-2.220664e-04 6.780160e-03
-4.020559e-03 5.218977e-03
-1.279023e-02 -6.857261e-03
-9.487375e-03 1.965713e-03
-7.029648e-04 4.528237e-03
-2.188668e-03 1.410306e-03
2.000361e-03 -2.964111e-03
8.837598e-03 2.851851e-04
3.671397e-03 6.171504e-03
-1.200176e-02 -3.444480e-03
-7.601489e-03 1.132273e-03
-8.788923e-03 1.922230e-03
3.870290e-03 -7.161179e-03
-2.231700e-03 -5.418496e-03
1.040279e-03 6.307068e-03
1.045538e-02 4.904672e-03
5.069790e-03 -8.204598e-03
-5.298125e-04 1.440688e-03
-1.199619e-02 -2.604603e-03
1.679210e-04 -6.784555e-03
