1.961711e+00
5.244542e-03 4.434274e-03
2.717692e-02 1.449539e-02
2.879677e-02 -1.558896e-02
2.752498e-02 -4.637758e-03
7.433834e-03 1.924482e-02
-9.825906e-03 -7.212477e-03
-1.759458e-02 3.595254e-02
-5.248476e-02 9.347241e-03
-2.014420e-02 3.529891e-02
-2.786023e-03 1.253431e-02
2.361742e-02 -3.564757e-03
-2.621659e-03 4.985039e-02
-9.148602e-03 -3.468704e-02
2.623791e-02 2.031821e-02
-1.383503e-02 -6.110707e-03
9.239147e-03 1.216360e-02
-1.115837e-02 -1.911432e-02
4.281165e-02 -1.350023e-02
-3.729026e-02 4.737492e-02
3.029045e-02 5.727684e-03
-3.075244e-03 1.092320e-02
2.244243e-02 1.992655e-03
2.166242e-04 -2.100642e-02
1.158040e-02 -7.299550e-03
1.497186e-02 7.872300e-03
4.485284e-03 -1.856626e-03
1.387020e-03 -2.170129e-03
1.832588e-02 1.555971e-02
-4.304661e-02 -1.563115e-02
-3.075788e-03 -8.114933e-03
-3.053241e-02 1.857885e-02
1.637471e-02 3.344152e-02
-2.659003e-02 -3.661908e-02
-3.810783e-02 -3.819742e-02
-1.504450e-02 -1.028569e-02
-3.583907e-02 3.232968e-03
-2.587729e-02 -4.810587e-02
-9.655044e-03 4.803150e-02
3.457154e-02 -1.286696e-02
-4.785358e-03 -2.195300e-02
6.678679e-03 -3.126998e-02
3.453697e-02 -3.745561e-02
-4.423037e-02 5.091236e-02
4.493831e-02 -1.811880e-02
9.610640e-03 2.245986e-03
-3.269068e-02 -3.650036e-03
-1.201405e-02 -3.710905e-02
1.760130e-02 -1.041717e-02
6.305192e-03 -2.228655e-03
-1.496058e-02 2.855112e-02
-5.640713e-02 3.723412e-02
8.212928e-03 -4.738082e-02
4.310787e-02 3.485285e-04
9.584406e-03 -2.804527e-02
8.270401e-03 2.153833e-02
4.948830e-02 3.160381e-02
4.473437e-03 -6.140102e-03
-7.455101e-03 -3.143957e-02
-2.997475e-03 -4.818062e-02
7.429959e-03 5.062566e-02
-1.378015e-02 -8.853760e-03
1.125907e-02 -5.540406e-03
-1.569328e-02 -4.504611e-02
2.019088e-02 -9.428113e-03
4.157829e-02 -5.133656e-02
1.031985e-02 -2.098533e-02
-6.214005e-02 2.010808e-02
7.381966e-03 4.358980e-02
1.117436e-02 1.865784e-02
4.530601e-02 -1.140876e-02
3.131843e-02 -8.875081e-04
-5.380187e-04 -1.144133e-02
-5.269273e-02 -2.654181e-02
-4.696856e-03 -2.754676e-02
-6.061371e-02 -2.613526e-03
-5.391910e-03 3.290619e-02
4.664283e-02 4.358915e-02
-1.190342e-02 7.116273e-03
-2.556603e-03 6.298231e-03
1.235120e-02 2.201514e-02
3.161246e-02 -1.973755e-04
3.678925e-02 -4.508436e-02
-2.655619e-02 1.410301e-02
3.313056e-03 5.256837e-02
2.967067e-02 -1.747988e-02
-5.836957e-04 1.245653e-02
3.656995e-02 3.151715e-02
3.721591e-02 1.873849e-02
-4.722908e-02 4.720462e-02
-1.961146e-02 3.395716e-03
-6.315988e-02 -2.288215e-02
2.695428e-02 -2.183110e-02
9.164849e-03 -2.221386e-02
2.684410e-02 4.431223e-03
-2.099340e-02 -3.369784e-03
-8.747723e-03 4.826950e-02
2.455852e-03 1.257380e-02
-3.355442e-02 -3.929303e-02
-1.102713e-02 -4.403342e-02
-3.633736e-02 -1.000302e-03
