200
9.971848e-01 9.252001e-01
9.325574e-01 2.035103e-01
1.281244e-01 8.002711e-03
9.990405e-01 9.263507e-01
2.360890e-01 2.945115e-01
3.965807e-01 1.669516e-01
3.879107e-01 2.410163e-02
6.697460e-01 4.520016e-01
9.355391e-01 8.083387e-01
8.463109e-01 3.683769e-01
3.132735e-01 6.092070e-01
5.245482e-01 3.484772e-02
4.434529e-01 3.545772e-01
2.295772e-01 7.851997e-02
5.344139e-01 6.931852e-01
9.139620e-01 1.271267e-02
4.572048e-01 4.595453e-01
4.306986e-01 9.613173e-01
9.391278e-01 3.341852e-01
7.783892e-01 4.720834e-01
7.159705e-01 1.053913e-01
8.027575e-01 5.030759e-01
9.280081e-02 8.856899e-01
5.181525e-01 5.343773e-01
8.650202e-01 2.814768e-01
8.291469e-01 3.545847e-01
8.296034e-01 8.962802e-01
2.730500e-01 2.414891e-01
5.924320e-02 2.388409e-02
6.705280e-01 9.657268e-01
5.930655e-01 4.299679e-01
6.716541e-01 3.462885e-01
4.117879e-01 5.770676e-01
1.975509e-01 1.265262e-01
2.896296e-01 9.500433e-01
1.421201e-01 3.136108e-01
7.833145e-01 9.528311e-01
4.125388e-01 2.183932e-01
3.417131e-02 2.487002e-01
6.240300e-01 8.638018e-01
6.606357e-01 2.352683e-01
2.984953e-01 8.151001e-01
4.461345e-01 5.438972e-01
2.221245e-01 1.912603e-01
7.336417e-02 5.888399e-01
4.692385e-01 4.813680e-02
9.617226e-02 1.587298e-02
9.033702e-01 4.971102e-02
1.194905e-01 3.994153e-01
5.247994e-01 5.769040e-01
8.362301e-02 8.675175e-01
9.168613e-01 7.861622e-01
9.104484e-01 2.547027e-01
2.989301e-01 8.225491e-02
5.843891e-01 1.577560e-01
5.659120e-01 2.094929e-01
6.139383e-01 4.173828e-01
9.565357e-01 3.476900e-01
2.609790e-01 6.998840e-01
2.310154e-01 6.975095e-01
5.334485e-01 7.472389e-02
9.499381e-01 3.646970e-02
4.930596e-01 7.893998e-01
5.406005e-01 9.005285e-01
7.654851e-01 4.663313e-03
4.534573e-02 2.642033e-01
1.399661e-01 4.673773e-01
7.924036e-01 3.598162e-01
2.980136e-02 2.402176e-01
8.831255e-01 2.316873e-02
5.407882e-01 5.316681e-01
4.479802e-01 1.301947e-01
8.921359e-01 5.614590e-01
3.775843e-01 1.678308e-01
5.384247e-01 4.210748e-01
6.522989e-01 6.846879e-01
3.612610e-01 2.739003e-01
5.710086e-01 9.999727e-03
6.378365e-01 2.198663e-01
1.263149e-01 3.195622e-02
6.902046e-01 9.348722e-01
6.477494e-01 7.820920e-01
3.539391e-01 5.175940e-01
7.632331e-01 1.646276e-02
3.565317e-01 2.988002e-01
7.527884e-01 5.407195e-01
8.813418e-01 8.598836e-01
1.166919e-02 1.851143e-01
4.981091e-01 8.354635e-02
7.379201e-02 4.427230e-02
7.869515e-01 4.438080e-01
6.406733e-02 1.931875e-02
3.553104e-01 6.703205e-02
9.418369e-01 8.117715e-01
3.798033e-01 6.362906e-01
7.629201e-01 7.728504e-01
7.715950e-01 7.056821e-01
3.013605e-01 2.382109e-01
7.727391e-01 4.441794e-02
1.529298e-01 2.812169e-01
5.786339e-01 8.650896e-01
9.007996e-03 7.312331e-02
7.090425e-01 6.603319e-01
4.706408e-01 1.873786e-01
7.645926e-01 5.222866e-01
4.673927e-01 9.038793e-01
2.690010e-01 4.751527e-01
8.316926e-01 8.470223e-01
5.513249e-01 8.387794e-01
7.008149e-02 1.392800e-01
4.724750e-01 5.403046e-01
7.427648e-01 4.670853e-01
1.919561e-01 2.186829e-01
4.643115e-01 4.408283e-01
2.303628e-01 4.802782e-01
5.082475e-01 3.332843e-01
2.085683e-01 8.912680e-03
4.930425e-02 5.054639e-01
5.188619e-01 6.731473e-01
1.722784e-01 5.545932e-02
3.963133e-01 1.575796e-01
1.073653e-01 6.051032e-01
5.098103e-01 3.192238e-01
1.021352e-01 8.905171e-01
2.887178e-01 7.903735e-01
2.317585e-01 2.174992e-01
9.676679e-01 2.002090e-01
2.783188e-01 6.804401e-01
2.336225e-01 1.562168e-01
9.155644e-02 5.103610e-01
5.700667e-01 9.880647e-01
4.179265e-01 1.446919e-01
3.678432e-01 4.830001e-02
8.129950e-01 8.990640e-01
2.897600e-01 7.153296e-01
7.173916e-01 3.103278e-01
6.129481e-01 3.929403e-01
4.269098e-01 8.078373e-02
7.518730e-01 3.521213e-01
4.278126e-01 1.013280e-03
4.283824e-01 6.246305e-01
3.619044e-01 2.002714e-01
1.533385e-01 6.251116e-01
9.371903e-01 3.214518e-01
9.164099e-01 4.731823e-02
7.819585e-01 7.233648e-01
6.163289e-01 7.592520e-01
3.599944e-02 4.063043e-01
6.543238e-01 7.043350e-01
1.297696e-01 5.853592e-01
2.943595e-01 9.695645e-01
3.608148e-01 3.038784e-01
2.746452e-01 3.137554e-01
7.396900e-02 2.264616e-01
1.521372e-01 6.723346e-01
1.616185e-01 7.789222e-01
9.387117e-01 5.126617e-01
3.711339e-01 6.152649e-01
5.001808e-02 4.566117e-02
7.409556e-01 4.460995e-01
2.986802e-01 9.680127e-01
2.043581e-01 3.595603e-01
9.817566e-01 5.540322e-01
8.930212e-01 4.113544e-01
7.593488e-01 9.660466e-01
6.511206e-01 2.030578e-01
3.968350e-02 9.928266e-01
8.138764e-01 6.592000e-01
7.625731e-01 8.090772e-01
4.552825e-01 4.581509e-01
5.318264e-01 8.873081e-01
1.093361e-01 5.339343e-01
1.460327e-01 5.772794e-01
5.087887e-01 9.174983e-01
2.156503e-01 3.141465e-01
9.164437e-01 7.261384e-01
4.621525e-01 8.052358e-01
1.322673e-01 4.800629e-01
7.642416e-01 4.875744e-01
2.127337e-01 8.414101e-01
7.425843e-02 5.555275e-01
9.541924e-02 2.698813e-01
1.622055e-01 4.867427e-01
3.564637e-01 2.758459e-01
9.530781e-02 2.253905e-01
1.432630e-01 6.467539e-01
9.310129e-01 9.211336e-01
5.765842e-01 2.004748e-01
8.396452e-01 8.798531e-01
6.232921e-01 4.658077e-01
3.245175e-01 7.249801e-01
7.280116e-01 3.028713e-01
5.227366e-01 4.890073e-01
7.368115e-01 2.036743e-01
1.654061e-01 8.861626e-02
6.870583e-01 1.656896e-01
4.268108e-01 5.029965e-01
7.285574e-01 7.875810e-01
7.563354e-01 9.036019e-01
3.976113e-01 2.195241e-01
