1.981846e+00
3.047013e-02 2.452629e-02
2.364556e-02 -9.791464e-03
-1.586584e-02 -2.167219e-02
3.068875e-02 2.464019e-02
-9.830596e-03 -6.078389e-03
-3.309452e-03 -1.152777e-02
-3.619360e-03 -2.039939e-02
6.689454e-03 -7.446901e-04
2.392905e-02 1.494637e-02
1.653592e-02 -3.485734e-03
-6.445645e-03 4.748533e-03
1.116526e-03 -1.958610e-02
-1.672701e-03 -3.951697e-03
-1.014572e-02 -1.655411e-02
1.461852e-03 8.387773e-03
2.193932e-02 -2.129287e-02
-1.200307e-03 -4.990049e-04
-2.113088e-03 2.832048e-02
2.427399e-02 -4.653569e-03
1.215283e-02 -8.929439e-05
8.824888e-03 -1.488432e-02
1.362239e-02 9.359120e-04
-1.829978e-02 2.086899e-02
8.939697e-04 2.000383e-03
1.791461e-02 -6.567651e-03
1.534065e-02 -3.951444e-03
1.537162e-02 2.180266e-02
-8.135416e-03 -8.150302e-03
-2.087809e-02 -2.041615e-02
6.723652e-03 2.881621e-02
3.589409e-03 -1.460804e-03
6.773002e-03 -4.234900e-03
-2.772187e-03 3.524892e-03
-1.177710e-02 -1.366336e-02
-7.421337e-03 2.708617e-02
-1.497254e-02 -5.381408e-03
1.244136e-02 2.738703e-02
-2.745840e-03 -9.130320e-03
-2.299557e-02 -7.854850e-03
4.786865e-03 1.903959e-02
6.295459e-03 -8.409079e-03
-7.049920e-03 1.540737e-02
-1.580422e-03 2.332060e-03
-1.051297e-02 -1.035468e-02
-1.975923e-02 3.964448e-03
-7.880749e-04 -1.861853e-02
-1.805568e-02 -2.104161e-02
2.101314e-02 -1.850662e-02
-1.643630e-02 -2.457298e-03
1.125288e-03 3.518846e-03
-1.897765e-02 1.934096e-02
2.219851e-02 1.350110e-02
2.162850e-02 -7.612473e-03
-7.031881e-03 -1.631366e-02
3.264515e-03 -1.199223e-02
2.585685e-03 -9.522747e-03
4.389551e-03 -1.870200e-03
2.600697e-02 -4.186824e-03
-8.672516e-03 8.712580e-03
-1.007566e-02 8.596772e-03
1.427942e-03 -1.680138e-02
2.533831e-02 -1.946578e-02
2.811703e-05 1.370594e-02
1.679822e-03 2.218650e-02
1.141622e-02 -2.194470e-02
-2.203038e-02 -7.235163e-03
-1.510756e-02 -2.433188e-04
1.298495e-02 -3.774029e-03
-2.338276e-02 -8.202897e-03
1.932960e-02 -2.047134e-02
1.686453e-03 1.906743e-03
-1.516961e-03 -1.345912e-02
2.006523e-02 2.955803e-03
-3.992427e-03 -1.148398e-02
1.603028e-03 -1.749996e-03
5.941770e-03 7.984064e-03
-4.592169e-03 -6.857617e-03
2.771276e-03 -2.151065e-02
5.342769e-03 -9.066194e-03
-1.598415e-02 -1.980216e-02
7.604938e-03 2.549757e-02
5.751402e-03 1.324648e-02
-4.865660e-03 1.425153e-03
1.129045e-02 -2.099500e-02
-4.768481e-03 -5.919915e-03
1.071756e-02 2.220877e-03
1.918651e-02 1.872574e-02
-2.505033e-02 -1.064409e-02
2.016232e-04 -1.623117e-02
-1.972612e-02 -1.889566e-02
1.265712e-02 -1.011116e-03
-2.049010e-02 -2.077058e-02
-4.814214e-03 -1.731151e-02
2.453713e-02 1.517919e-02
-3.911875e-03 5.844117e-03
1.127303e-02 1.268001e-02
1.176156e-02 8.998530e-03
-6.931350e-03 -8.286212e-03
1.182691e-02 -1.888515e-02
-1.430798e-02 -6.577527e-03
3.051257e-03 1.914363e-02
-2.530344e-02 -1.690652e-02
8.489008e-03 6.875119e-03
-7.400670e-04 -1.053692e-02
1.136627e-02 1.584860e-03
-8.512728e-04 2.249310e-02
-8.313893e-03 1.134408e-05
1.551391e-02 1.772322e-02
2.060660e-03 1.710232e-02
-2.001480e-02 -1.296266e-02
-6.772730e-04 2.206393e-03
1.018334e-02 -2.528648e-04
-1.207702e-02 -9.117692e-03
-9.567852e-04 -1.107939e-03
-1.010742e-02 1.797654e-04
5.509845e-04 -4.684996e-03
-1.119990e-02 -2.159845e-02
-2.169683e-02 1.015918e-03
9.186074e-04 7.449997e-03
-1.317039e-02 -1.810270e-02
-3.318970e-03 -1.200126e-02
-1.726361e-02 4.587981e-03
6.049767e-04 -5.180648e-03
-1.763025e-02 2.129051e-02
-7.459936e-03 1.376794e-02
-1.003957e-02 -9.169351e-03
2.716925e-02 -9.941503e-03
-7.905622e-03 7.785620e-03
-9.949333e-03 -1.207115e-02
-1.839053e-02 1.180540e-03
2.736887e-03 3.144459e-02
-2.557273e-03 -1.267309e-02
-4.348746e-03 -1.860690e-02
1.427256e-02 2.205357e-02
-7.415825e-03 9.484578e-03
8.894533e-03 -5.499651e-03
4.350951e-03 -2.670063e-03
-2.244476e-03 -1.640804e-02
1.066815e-02 -4.035331e-03
-2.213141e-03 -2.224572e-02
-2.193374e-03 5.364469e-03
-4.568274e-03 -9.938655e-03
-1.428328e-02 5.384014e-03
2.408726e-02 -5.101431e-03
2.215799e-02 -1.867694e-02
1.236151e-02 9.899538e-03
4.483018e-03 1.187488e-02
-2.283524e-02 -2.231698e-03
6.027092e-03 8.931688e-03
-1.575885e-02 3.833501e-03
-7.222322e-03 2.925371e-02
-4.608754e-03 -5.733779e-03
-8.065554e-03 -5.376216e-03
-1.971243e-02 -8.781866e-03
-1.435598e-02 7.412983e-03
-1.378912e-02 1.305038e-02
2.423379e-02 1.258152e-03
-4.227871e-03 4.988048e-03
-2.163714e-02 -1.879567e-02
1.008848e-02 -9.366355e-04
-7.042246e-03 2.907611e-02
-1.141842e-02 -3.782684e-03
2.870387e-02 2.690025e-03
2.013868e-02 -2.066739e-03
1.107541e-02 2.885244e-02
5.892289e-03 -9.811954e-03
-2.251504e-02 3.203048e-02
1.432948e-02 6.825223e-03
1.125374e-02 1.499624e-02
-1.266233e-03 -5.444559e-04
1.371028e-03 2.100955e-02
-1.712701e-02 1.985050e-03
-1.472951e-02 3.532719e-03
5.696781e-04 2.377507e-02
-1.083793e-02 -5.362172e-03
2.216102e-02 1.004499e-02
-1.030739e-03 1.473807e-02
-1.559744e-02 1.726823e-04
1.134667e-02 4.204103e-04
-1.098617e-02 1.729868e-02
-1.969007e-02 2.743296e-03
-1.810997e-02 -7.013198e-03
-1.375454e-02 3.929226e-04
-4.771026e-03 -6.782747e-03
-1.811802e-02 -8.827738e-03
-1.490125e-02 6.285581e-03
2.349982e-02 2.412723e-02
2.975717e-03 -9.929377e-03
1.606409e-02 2.036821e-02
4.757566e-03 -2.946203e-04
-5.997389e-03 9.984107e-03
9.423319e-03 -5.770565e-03
1.053391e-03 4.678078e-04
9.872975e-03 -9.784043e-03
-1.356707e-02 -1.591048e-02
7.461242e-03 -1.159081e-02
-2.247912e-03 9.332556e-04
9.450897e-03 1.359061e-02
1.091022e-02 2.246758e-02
-3.272800e-03 -9.081071e-03
