500
9.006215e-01 9.710465e-01
1.726953e-01 4.723541e-01
8.556209e-01 4.018230e-02
6.090356e-01 5.264281e-01
5.975562e-01 5.580884e-02
1.414642e-01 2.671957e-01
2.245059e-01 2.472938e-01
6.984202e-01 4.594938e-01
9.031785e-01 9.262162e-01
6.329631e-01 8.143617e-01
5.159150e-03 8.601714e-02
5.723565e-01 8.404118e-01
3.614963e-01 8.420399e-01
6.041319e-01 9.065618e-01
3.917662e-01 3.814050e-01
8.119478e-01 9.957890e-01
6.125253e-01 6.928323e-01
2.664738e-01 7.723153e-01
6.439143e-01 7.743395e-01
8.110621e-01 6.499867e-02
1.902474e-02 7.605224e-01
3.978036e-02 7.903535e-01
9.450038e-01 5.751441e-01
4.463492e-01 2.765270e-01
4.413485e-01 4.113008e-01
6.570954e-02 2.433793e-01
1.758612e-01 7.749246e-01
8.658828e-01 4.486801e-01
8.435281e-01 7.291968e-01
9.251532e-01 8.260528e-01
8.703065e-01 4.942667e-01
8.352567e-01 7.270818e-01
2.609721e-01 4.913656e-01
3.575819e-02 6.867792e-01
2.287627e-01 7.691403e-01
2.111806e-01 7.024311e-01
1.807206e-01 8.338119e-01
3.161162e-01 6.398800e-01
2.410386e-01 6.330401e-01
3.753684e-01 1.389601e-02
6.326640e-01 9.881864e-01
2.230325e-01 2.163414e-01
1.387512e-01 3.874986e-01
5.769970e-01 8.447292e-01
3.516737e-01 2.861702e-01
4.677504e-01 3.377509e-01
3.587664e-01 6.196503e-01
8.316909e-02 4.562434e-01
2.529096e-01 1.968281e-01
4.740550e-02 8.581128e-01
9.294067e-01 5.856878e-01
2.361413e-01 1.287005e-01
8.109049e-01 6.140933e-01
1.261817e-01 3.685004e-01
7.570638e-02 5.825201e-01
6.855882e-01 5.049123e-01
9.470740e-01 3.625492e-01
3.156735e-01 3.407975e-01
8.762721e-01 3.300466e-01
6.981656e-01 8.933480e-01
3.563731e-01 9.597365e-01
9.045761e-01 4.706559e-02
3.764195e-01 3.057176e-02
8.467223e-01 2.387447e-01
7.334411e-01 7.298160e-02
6.989810e-01 3.287064e-01
6.695099e-01 4.805350e-01
7.997924e-02 5.813138e-01
4.464783e-02 8.142444e-01
9.519808e-02 9.869121e-01
2.174303e-01 7.078212e-01
8.070165e-01 6.300706e-02
1.003804e-01 7.581284e-01
6.425138e-02 7.283453e-01
9.439507e-01 3.536776e-02
1.628717e-01 2.117345e-02
5.918736e-01 5.665610e-01
9.503547e-01 5.021922e-01
3.667697e-01 7.241924e-01
2.161870e-02 7.278564e-01
5.206744e-01 9.758817e-01
3.070127e-01 4.464873e-01
8.331486e-01 3.233763e-01
9.293686e-01 2.990025e-02
1.289353e-01 9.604515e-02
8.311354e-01 4.463336e-01
7.867531e-01 7.308540e-01
6.896441e-01 7.522138e-01
6.504411e-01 1.632742e-01
9.372915e-01 1.666444e-01
2.361517e-01 6.099212e-01
4.814599e-01 9.774234e-01
9.274086e-01 2.227223e-01
1.774080e-01 9.118348e-01
1.530283e-01 2.240928e-02
9.676796e-01 8.429927e-01
3.206156e-01 9.827888e-01
8.857971e-01 1.798452e-01
5.453769e-01 4.817604e-01
3.711062e-01 7.871673e-01
1.369258e-01 5.952712e-01
1.125103e-01 7.925045e-01
7.228326e-02 7.707103e-01
1.932391e-01 2.177957e-01
2.926596e-03 3.185564e-01
8.767929e-01 9.113369e-01
9.371345e-01 2.231164e-01
5.026481e-01 7.978484e-01
7.474948e-01 2.904818e-01
4.881711e-01 1.113722e-01
3.920897e-03 4.894247e-01
4.623294e-01 4.864949e-02
1.454623e-01 5.768648e-01
3.087946e-01 1.749494e-02
7.532121e-01 2.783245e-01
7.553594e-01 8.125127e-01
9.175118e-01 6.399756e-02
9.316890e-01 2.477677e-01
9.014172e-02 4.719410e-01
1.953047e-01 7.202869e-01
5.614685e-01 5.719272e-02
1.042667e-02 1.446723e-02
2.298969e-01 3.684837e-01
3.686156e-02 7.196547e-01
8.438242e-02 5.418515e-01
6.623024e-01 1.306723e-01
5.835435e-01 8.044670e-01
7.268630e-01 6.533238e-01
9.043766e-01 4.238040e-01
1.671766e-02 1.461117e-01
8.966919e-01 7.616100e-01
5.039010e-01 5.234009e-01
6.148194e-01 3.726479e-01
1.347456e-01 1.541576e-01
4.719681e-01 8.951436e-01
6.345695e-01 6.669467e-01
4.917876e-01 5.364802e-01
9.314143e-01 6.480929e-01
9.358938e-01 2.506629e-02
4.999615e-01 2.268623e-01
4.096355e-01 5.339995e-01
8.108371e-01 6.138543e-01
5.157717e-01 1.323669e-01
4.896891e-01 6.495216e-01
8.703921e-01 1.439073e-01
8.980918e-01 2.102312e-01
1.391818e-01 4.581976e-01
7.295546e-01 7.002771e-01
5.653444e-01 7.075715e-01
8.909877e-01 5.263964e-01
3.162765e-01 4.669860e-01
7.538554e-01 5.902418e-01
2.792319e-01 7.576227e-01
1.195767e-01 6.018704e-02
2.269810e-01 8.612932e-01
7.739716e-01 2.307742e-01
7.876587e-01 6.316525e-01
6.507251e-01 6.724472e-01
3.074166e-01 7.501625e-01
9.974040e-01 9.348290e-01
2.946326e-01 2.970191e-01
6.681123e-01 6.248136e-02
2.642605e-01 5.461888e-01
4.223659e-01 1.751860e-01
8.770779e-01 2.252353e-01
5.967579e-01 1.385508e-01
2.805125e-01 9.720532e-01
7.492420e-01 1.313799e-01
7.277287e-01 7.817054e-01
6.897853e-01 8.376400e-01
4.516207e-01 9.448113e-01
4.844041e-01 9.060413e-01
4.052136e-01 6.149541e-01
9.519704e-01 1.716452e-02
1.648362e-02 3.332685e-01
3.133666e-01 7.711757e-01
9.901169e-01 1.803252e-01
8.840424e-01 1.774138e-01
1.994236e-02 7.197371e-01
1.027952e-01 7.125541e-01
9.408064e-02 9.984438e-02
2.657973e-01 6.068005e-01
1.949477e-01 6.212395e-01
3.941363e-01 4.894605e-01
7.894525e-01 8.588422e-01
8.811057e-02 5.526945e-01
3.778450e-01 6.460945e-01
3.916681e-01 6.212104e-01
3.023674e-01 6.839936e-01
4.675325e-01 4.875644e-01
9.906637e-01 1.265050e-01
7.472484e-01 7.178264e-01
8.390038e-02 5.122886e-01
6.153620e-01 3.163748e-01
1.952312e-01 1.429739e-01
3.808343e-01 7.768687e-01
9.474371e-01 6.017237e-01
2.353781e-01 5.824413e-01
4.057592e-01 1.784846e-02
9.717033e-01 4.316265e-01
4.392251e-02 8.434003e-01
2.852446e-01 1.371107e-01
2.704641e-01 2.374742e-02
4.628498e-01 7.918556e-01
4.247923e-01 1.533592e-01
7.556493e-01 9.230337e-01
2.514985e-01 9.255528e-01
8.633471e-01 5.634801e-01
5.876344e-01 5.102516e-01
7.081449e-01 5.342436e-01
2.540170e-02 5.310156e-02
1.363552e-01 6.821815e-01
5.464058e-01 6.073702e-01
2.618422e-01 3.101396e-01
1.844614e-01 7.900289e-01
1.079912e-01 5.516893e-01
9.059236e-02 7.239433e-01
5.275144e-01 8.204149e-01
2.043114e-01 9.123245e-02
2.928608e-01 8.036907e-01
9.251871e-01 3.940294e-01
1.804736e-01 1.560694e-01
6.405609e-01 8.720223e-01
1.005502e-01 2.685336e-02
4.361710e-01 9.077742e-01
7.371109e-01 5.192009e-01
8.281081e-01 5.514500e-01
3.890503e-01 1.174552e-01
1.118743e-01 7.656901e-01
5.502752e-01 8.452516e-02
7.920006e-01 9.237077e-01
9.980185e-01 4.832478e-01
8.358745e-01 2.392849e-01
5.290724e-01 2.828150e-01
4.130410e-01 2.399666e-01
6.256691e-02 1.192206e-01
1.960244e-01 3.327886e-01
4.538292e-01 9.444379e-01
3.497311e-01 4.143844e-01
1.835200e-01 9.975838e-01
8.694259e-01 8.850772e-01
3.524079e-01 2.711968e-01
1.651618e-01 7.760864e-01
2.908399e-01 3.591009e-01
7.458276e-01 4.387602e-01
9.516686e-01 3.833404e-02
6.627883e-01 9.149985e-01
3.203647e-01 1.217155e-01
5.048599e-01 9.609249e-01
9.067456e-02 8.003302e-01
6.322905e-01 5.581430e-01
5.350202e-01 9.812610e-01
2.944431e-01 1.827871e-01
5.732836e-01 8.459443e-01
4.016991e-01 6.463759e-01
7.980940e-01 1.400822e-01
3.556217e-01 7.430623e-01
3.074049e-01 4.153844e-01
1.338721e-01 1.275815e-01
8.890105e-01 8.119464e-01
4.067558e-01 4.863533e-01
8.650945e-01 8.107084e-01
7.302153e-01 9.963616e-01
5.965033e-01 4.148199e-01
8.151664e-01 7.938100e-01
6.652568e-01 9.163298e-01
1.474956e-01 9.762582e-01
6.205693e-01 7.279565e-01
6.896943e-02 7.326398e-01
8.992244e-01 2.346804e-01
7.846107e-01 5.854935e-01
3.872638e-03 2.728070e-01
9.335426e-01 6.649260e-01
2.179161e-01 6.231067e-01
2.649157e-01 7.173853e-01
8.814016e-01 6.618938e-01
9.577598e-01 9.820395e-01
2.410288e-01 6.789043e-01
4.909362e-01 8.846774e-01
7.406401e-01 3.911511e-01
5.050004e-01 2.429786e-02
3.305947e-02 2.057697e-01
2.069630e-01 9.968109e-02
8.410543e-01 5.600423e-01
8.461929e-01 9.518423e-01
9.749800e-01 3.289460e-01
2.181657e-01 7.391608e-01
9.654286e-01 8.271949e-01
5.664800e-01 9.602549e-01
9.404824e-01 1.700240e-01
9.919930e-02 9.785879e-02
9.616032e-01 5.925305e-01
3.792787e-01 3.014632e-01
1.133569e-01 2.434171e-01
4.932478e-02 2.229305e-01
1.951112e-01 9.663926e-01
8.500651e-01 5.447732e-01
4.923159e-01 2.814544e-01
9.804375e-01 5.806867e-01
6.590355e-01 8.214254e-01
2.724445e-01 8.163551e-01
6.454483e-01 4.839309e-01
2.421456e-01 8.039683e-01
6.429394e-01 1.649004e-01
1.115709e-01 5.690456e-01
3.538521e-01 8.441110e-01
5.309269e-01 3.191946e-01
1.355871e-03 2.690656e-01
5.394482e-01 8.474480e-01
3.582329e-01 3.018317e-01
5.178081e-01 5.200112e-01
2.137131e-01 1.130961e-01
9.088225e-01 2.053783e-01
8.442290e-01 7.186313e-01
2.447993e-01 2.545955e-02
9.107563e-01 3.530362e-01
8.192621e-01 2.748055e-01
3.702373e-01 1.940135e-01
4.119163e-01 1.424759e-01
9.904290e-01 3.370823e-01
1.375278e-01 7.614006e-01
1.570935e-01 6.992812e-01
1.224499e-01 7.999338e-01
1.004774e-01 7.890466e-01
7.452992e-01 7.665078e-02
6.580767e-01 3.508359e-01
4.845549e-01 5.961623e-01
3.978478e-01 8.322481e-01
4.317562e-01 2.424235e-01
8.682446e-01 6.533776e-01
7.439695e-01 8.979571e-01
5.114964e-01 6.320181e-02
7.455682e-01 9.409898e-01
2.009823e-01 1.333717e-02
9.929912e-01 3.076776e-01
4.090811e-01 6.850006e-01
6.715811e-01 8.454067e-01
2.884177e-01 9.010081e-01
7.533891e-01 7.047344e-01
5.550403e-01 1.648259e-01
3.403662e-01 9.665947e-01
7.787120e-02 2.378792e-01
5.758134e-02 3.799760e-01
2.916143e-01 4.839587e-01
2.446819e-01 4.043008e-01
7.959128e-01 5.173557e-01
7.808945e-04 4.452116e-01
9.894524e-01 1.121607e-01
8.709500e-01 3.950908e-02
9.655293e-01 9.330444e-01
5.204617e-01 7.690113e-01
7.509334e-01 6.054368e-01
1.287095e-01 2.678334e-02
9.181833e-01 9.654610e-01
2.915438e-01 8.281095e-01
1.143335e-01 6.243393e-01
6.492985e-01 2.929122e-01
7.530655e-01 7.260100e-01
5.995322e-01 4.815895e-01
4.328049e-02 2.174597e-01
8.426085e-01 9.930443e-01
7.835739e-01 6.596302e-01
5.303338e-01 2.771709e-01
3.872916e-01 4.798020e-01
5.729664e-01 7.332061e-01
2.805898e-01 9.797065e-01
4.508943e-01 6.092122e-01
1.696178e-01 9.112401e-02
3.069452e-01 8.199111e-01
7.905043e-01 9.384336e-02
7.212741e-01 7.138986e-01
4.911076e-01 5.847730e-01
3.940888e-01 4.689668e-01
7.042651e-01 1.756313e-03
9.231133e-01 5.289653e-01
4.674184e-01 8.601856e-01
4.124669e-01 4.167512e-01
2.728925e-01 2.656103e-01
4.414595e-01 6.596826e-01
9.757369e-01 4.317129e-01
3.037806e-01 6.977022e-01
8.810372e-01 2.697806e-01
3.145836e-01 7.857648e-01
3.932325e-02 4.788590e-01
6.684376e-01 2.757174e-01
8.528135e-01 8.806716e-01
8.319514e-01 7.568688e-01
2.168191e-01 4.396975e-01
4.970578e-01 2.113741e-01
3.237210e-01 7.703181e-01
5.507700e-02 2.622654e-01
6.819392e-01 9.082573e-01
5.581755e-01 1.958381e-01
8.968660e-01 4.669845e-01
8.475455e-01 6.828742e-01
2.653950e-01 2.694287e-01
6.075068e-01 1.177816e-01
8.348460e-01 2.260778e-01
1.474053e-01 9.185954e-02
7.870480e-01 4.987973e-01
5.148238e-01 4.820352e-01
5.648571e-01 6.043300e-01
1.191449e-01 7.141363e-01
2.006158e-02 3.972427e-01
6.161220e-01 8.240419e-01
9.803585e-02 6.310845e-01
6.598582e-01 4.420517e-02
5.737819e-01 3.177973e-01
2.367424e-01 1.103695e-01
5.723272e-01 7.849573e-01
9.152618e-01 6.372825e-01
6.227269e-02 7.109895e-01
2.154602e-01 8.168473e-01
2.316995e-01 9.163272e-01
8.896558e-01 4.178795e-01
5.761180e-02 6.153244e-01
6.555011e-01 5.684294e-01
8.402390e-01 9.663691e-01
6.523915e-01 7.087484e-01
8.077380e-01 5.757927e-01
2.877608e-01 8.588687e-01
8.587189e-01 1.558312e-01
1.017655e-01 5.208803e-01
9.944917e-01 1.883906e-01
8.101787e-01 4.374494e-01
1.565949e-02 2.637883e-01
2.568354e-01 4.810812e-01
8.613233e-01 4.169515e-01
2.179532e-01 2.791814e-01
1.852663e-01 5.184954e-01
4.617404e-02 4.474259e-01
9.685042e-02 3.645519e-01
4.840880e-01 9.780572e-01
4.493070e-02 2.863981e-01
8.940257e-01 7.601709e-01
3.953849e-01 7.334533e-02
2.473025e-01 2.477192e-01
8.223129e-01 4.613509e-02
8.751774e-01 6.220466e-01
6.677343e-01 3.670107e-01
8.631803e-01 6.390844e-01
3.342686e-02 4.593262e-01
1.049215e-01 7.647848e-02
2.287238e-01 1.253044e-01
7.703202e-01 6.715261e-01
1.207111e-01 4.042509e-01
3.472074e-01 7.032331e-01
7.145011e-01 6.108324e-01
6.570100e-01 7.760461e-01
7.754926e-01 8.338045e-01
4.934216e-02 6.407914e-01
9.842419e-01 6.276821e-01
9.206068e-01 5.412997e-01
2.513547e-01 1.576427e-01
6.292338e-02 5.549842e-01
5.894464e-01 7.644333e-02
6.410284e-01 2.136820e-01
7.161754e-01 6.278066e-01
8.732992e-02 9.063077e-01
7.716981e-01 4.861143e-01
7.740572e-01 5.450023e-01
9.631752e-01 7.040145e-01
3.807698e-01 9.718647e-01
2.419598e-01 6.821685e-01
6.138002e-02 7.434233e-01
2.164429e-01 6.290864e-01
7.995864e-01 6.541569e-02
6.066885e-01 6.401888e-01
9.729942e-01 3.635386e-01
4.179699e-01 5.694844e-02
9.100607e-01 2.337413e-01
3.000618e-01 7.577145e-01
3.843804e-01 1.410750e-01
6.215828e-01 6.301286e-02
4.428652e-01 9.480484e-01
7.044964e-01 1.766369e-01
6.903491e-02 1.272284e-02
9.715720e-01 5.271430e-01
1.933329e-01 5.999611e-01
2.222507e-01 1.107048e-01
6.857124e-01 4.598390e-02
5.877381e-01 3.547054e-01
2.881228e-01 5.823754e-01
3.740294e-01 9.237269e-01
5.097677e-01 4.606352e-01
3.919781e-01 9.711445e-01
1.140798e-01 6.526926e-02
9.299193e-01 3.831334e-01
4.655800e-01 7.048780e-01
6.080851e-01 5.624176e-02
9.531179e-01 2.849072e-01
9.316111e-01 6.107193e-01
9.828613e-01 1.239874e-01
8.233120e-01 8.743185e-01
3.183191e-01 2.274185e-02
3.237613e-01 7.515881e-01
3.005522e-01 1.496915e-01
8.453865e-01 2.994241e-01
9.988556e-01 3.379072e-01
7.816748e-01 3.827280e-01
