300
1.850821e-01 2.142429e-01
9.315409e-01 6.794214e-01
9.477306e-01 4.738929e-01
4.847491e-01 5.744463e-01
3.205364e-01 4.163132e-01
1.544267e-01 1.331630e-01
6.988627e-01 3.306569e-01
1.199505e-01 1.444205e-01
4.851759e-01 8.367435e-01
6.327377e-01 4.130166e-01
8.182267e-01 2.978175e-02
6.830260e-01 8.504298e-01
4.985612e-01 2.305456e-01
5.867970e-01 9.059226e-01
7.197542e-01 3.123878e-01
2.584981e-01 4.673367e-01
5.462073e-01 9.597060e-01
4.073078e-01 8.679185e-01
1.769846e-01 2.187869e-01
9.696324e-01 7.047808e-01
2.970184e-01 4.484135e-01
2.878688e-01 9.046798e-02
1.161933e-01 5.125108e-01
1.817270e-01 3.268718e-01
4.942898e-01 8.652953e-01
5.657651e-01 7.455388e-01
2.218352e-01 3.652660e-01
7.674912e-01 7.489650e-01
5.773081e-01 5.067718e-01
1.678233e-01 3.934042e-01
3.674714e-01 2.532468e-01
4.686736e-01 8.107732e-01
6.542662e-01 7.698342e-01
7.930897e-01 7.957153e-01
6.630618e-01 1.762970e-01
6.130297e-01 6.041408e-01
9.908520e-01 3.387686e-01
1.194848e-01 9.210441e-01
1.485648e-01 3.425727e-01
8.522810e-01 6.487786e-01
5.095259e-01 2.023607e-01
2.172699e-01 8.964048e-01
9.932663e-01 8.149663e-01
3.152975e-01 8.285552e-01
2.587332e-01 6.523825e-01
8.091753e-01 7.743374e-01
3.536754e-01 7.218910e-01
4.678425e-01 8.562308e-01
2.741733e-01 9.765446e-01
7.982004e-01 4.939082e-01
8.141384e-01 3.185256e-01
9.480904e-01 6.514938e-01
8.228846e-01 9.996494e-02
5.151391e-01 1.882658e-03
2.209982e-01 5.189415e-02
7.466314e-01 6.548081e-01
4.315378e-01 6.136314e-01
8.883037e-01 5.383590e-01
9.411933e-01 9.022446e-01
5.030123e-01 2.858634e-01
7.020420e-01 6.312674e-01
7.065420e-01 4.791803e-01
4.810218e-01 6.746228e-01
9.603137e-01 4.807232e-01
4.260225e-01 1.602769e-01
3.228742e-01 3.130201e-02
7.619300e-01 9.448746e-01
9.326286e-01 7.749228e-01
7.112172e-01 9.340698e-01
5.174308e-01 2.316775e-01
8.844716e-01 1.001181e-01
5.536338e-01 7.202166e-01
5.736425e-01 7.110207e-01
3.939333e-01 2.439452e-01
9.265467e-01 6.415729e-01
5.544421e-03 1.979999e-01
7.284985e-01 2.018995e-01
3.557536e-01 9.070594e-01
2.129332e-01 5.798735e-01
3.620274e-01 3.968061e-01
8.783003e-01 7.807575e-01
3.633259e-01 8.187937e-02
5.032069e-01 4.894535e-01
7.674883e-01 7.275055e-01
9.144756e-01 4.596903e-01
8.263680e-01 8.619765e-01
4.117464e-01 2.345613e-01
6.308427e-01 2.995213e-01
3.419116e-01 5.347430e-01
3.816929e-01 7.857408e-01
9.624596e-01 6.394970e-01
6.470142e-01 7.679008e-01
9.578457e-01 8.343484e-01
8.034521e-01 6.677215e-01
2.293860e-01 1.308645e-01
8.792020e-01 2.139410e-01
5.924964e-01 3.849089e-01
7.861722e-01 8.410626e-01
5.321444e-01 3.578498e-02
9.682906e-01 4.886565e-01
5.749535e-01 6.247991e-01
4.768434e-01 2.704576e-01
4.211384e-01 4.581593e-01
5.989800e-01 5.539262e-01
1.065725e-01 7.448752e-01
3.686075e-01 9.033897e-01
2.158064e-01 2.072035e-01
8.072111e-01 1.352037e-01
7.982206e-01 3.051961e-01
5.545395e-01 4.845725e-01
8.951457e-01 9.993169e-01
9.291399e-01 7.089055e-01
9.776334e-01 5.373068e-01
9.177187e-01 1.807683e-01
4.001124e-02 8.864931e-02
7.328225e-01 2.724058e-01
8.963739e-01 4.021944e-01
8.378305e-01 6.709855e-02
5.364537e-01 6.239595e-01
3.213186e-01 5.073462e-02
3.972540e-01 3.038743e-01
2.774392e-01 2.016430e-01
9.362480e-01 9.801636e-01
4.637426e-01 2.745134e-01
8.522890e-01 3.416466e-01
2.127674e-01 6.406477e-01
1.235842e-04 6.674264e-01
9.289627e-02 8.146706e-01
1.751164e-01 3.565098e-01
5.148592e-01 9.995698e-01
8.799904e-01 4.616077e-01
7.847919e-01 6.113190e-01
5.298212e-01 9.726704e-01
2.738379e-01 2.045422e-01
2.638415e-02 1.644325e-01
8.697086e-01 1.634227e-01
2.754379e-01 9.863909e-01
1.452104e-01 8.655583e-01
5.054116e-01 6.163433e-01
3.350947e-01 9.362192e-01
1.616954e-01 1.528674e-01
2.192900e-01 3.777230e-01
8.365177e-01 5.227581e-01
7.203480e-01 1.141686e-01
5.148819e-02 8.581173e-01
6.232723e-01 1.796928e-01
2.862693e-01 4.001445e-01
8.127820e-01 3.543943e-01
5.458727e-01 1.922021e-01
1.827004e-02 1.220379e-01
1.611027e-02 8.792346e-01
9.350357e-01 8.099337e-01
3.905857e-01 2.425311e-01
9.106555e-01 5.247460e-01
8.194654e-01 6.149922e-02
9.037038e-02 8.020290e-01
3.582403e-01 1.565850e-01
1.898513e-02 9.401623e-01
4.500267e-01 5.274585e-01
3.036825e-02 6.025448e-01
2.703540e-01 6.556003e-01
2.582575e-03 4.575606e-01
4.337459e-01 6.905273e-01
5.871742e-01 4.161278e-01
9.919842e-01 8.228016e-01
4.355208e-01 9.541883e-01
3.624274e-01 3.600263e-01
8.731273e-01 3.708780e-02
4.850538e-01 6.459805e-01
7.438620e-01 3.746602e-01
7.541810e-01 1.005865e-01
3.236832e-01 3.055084e-01
7.353514e-01 2.893872e-01
1.855897e-01 8.079667e-01
1.320918e-01 2.434868e-01
9.971906e-03 5.105341e-02
3.730411e-01 3.787131e-01
1.080092e-02 9.293492e-01
8.484620e-01 2.394470e-02
2.431668e-01 1.297070e-02
6.800273e-01 1.249872e-01
6.771397e-01 2.931626e-01
8.858274e-01 7.166484e-01
1.535657e-01 4.385250e-01
9.466941e-01 1.335054e-01
2.937437e-01 2.850857e-02
7.366005e-01 5.095345e-01
4.755390e-01 2.507839e-01
1.648671e-01 8.296292e-01
8.274534e-01 3.173006e-01
5.396978e-01 9.628650e-01
3.541724e-01 2.503861e-02
8.419977e-01 2.615162e-01
3.180488e-02 6.308391e-01
6.773524e-02 4.410034e-01
6.281812e-01 4.632374e-01
6.349435e-01 5.040219e-01
7.697370e-01 8.047186e-01
4.413886e-01 1.392590e-01
8.584683e-01 3.327731e-01
3.816626e-01 7.074801e-01
9.647807e-01 3.413279e-01
7.803019e-01 9.230627e-01
4.259747e-01 9.232369e-01
3.460981e-01 6.639624e-01
5.391826e-01 7.858017e-01
4.312139e-01 3.955820e-01
7.826330e-01 6.690372e-01
6.673272e-01 2.896498e-02
6.926189e-01 7.616245e-01
3.438399e-01 2.677698e-01
5.757790e-01 4.310201e-01
4.189073e-01 5.409681e-01
6.859919e-02 3.895630e-01
9.754807e-02 5.451614e-01
2.262962e-01 7.146552e-01
8.610277e-01 7.183641e-01
2.808600e-01 9.597125e-01
1.252186e-01 9.495955e-01
7.426081e-02 4.188599e-02
3.258463e-01 3.722046e-01
7.570046e-01 2.645396e-01
4.091996e-01 2.793273e-01
7.565003e-01 1.284288e-01
2.701778e-01 5.907248e-01
8.661802e-01 1.580386e-01
9.739994e-01 5.762437e-01
7.560130e-01 5.662626e-01
9.474233e-01 3.229566e-01
1.832848e-01 8.267975e-01
9.873049e-01 7.882595e-01
4.041979e-02 2.761873e-01
3.952141e-01 7.049037e-02
5.985464e-01 2.859538e-01
1.504865e-01 3.095240e-01
1.744428e-01 1.537949e-02
1.486763e-01 2.208930e-01
1.323703e-02 4.322089e-02
1.540735e-03 7.069704e-02
4.126912e-02 9.079353e-01
4.256392e-01 4.789458e-01
9.643969e-01 1.208407e-01
1.826863e-01 2.095974e-01
7.450383e-01 7.728897e-01
3.396633e-01 5.508857e-01
6.510922e-01 5.394181e-01
6.411166e-01 2.310836e-02
2.231026e-01 1.369499e-01
7.502533e-01 3.187130e-01
4.540783e-01 3.338970e-01
1.756447e-01 2.354367e-01
2.550142e-01 9.436673e-01
7.256301e-01 7.905220e-01
3.909743e-01 4.282054e-01
3.865835e-01 5.576437e-01
7.346853e-01 4.420031e-01
9.735513e-01 9.137178e-01
2.423375e-01 2.801908e-01
2.066188e-01 2.692122e-01
4.244094e-01 3.605584e-01
7.179348e-01 2.849866e-01
8.516723e-01 7.305350e-01
3.507235e-01 2.694618e-02
3.632946e-01 5.749120e-01
3.362930e-01 1.588448e-01
4.061784e-01 8.642560e-01
6.030760e-02 7.992310e-01
1.288449e-01 1.815569e-01
5.185250e-01 4.897439e-01
8.835217e-01 8.716915e-01
1.633393e-01 2.575978e-01
7.280629e-01 6.962557e-01
2.179073e-01 4.118181e-01
8.349659e-01 2.166211e-01
1.006757e-01 4.485622e-01
3.654784e-01 5.491761e-01
5.890971e-01 4.623842e-01
4.706950e-01 1.384785e-01
3.658866e-01 3.038113e-01
9.705478e-01 6.636080e-01
5.323849e-01 7.632002e-01
4.027949e-01 4.362446e-01
4.124595e-02 4.805840e-01
2.799072e-01 8.746737e-01
6.665541e-01 2.099531e-01
1.852959e-02 6.089108e-01
2.080416e-01 6.707529e-01
2.271658e-02 2.528092e-01
5.349017e-02 4.073456e-01
4.321331e-01 5.109811e-01
2.874527e-01 5.907532e-01
2.363872e-01 3.898913e-01
7.270283e-01 1.038649e-01
2.042225e-01 7.111667e-01
1.998962e-01 9.670120e-01
6.908600e-01 9.364991e-01
2.495697e-01 6.661511e-01
1.429952e-01 5.173480e-01
1.312792e-01 9.242225e-01
9.446589e-01 5.538806e-01
