1.990830e+00
-8.510747e-03 -7.544234e-03
1.400762e-02 4.683251e-03
1.492697e-02 -4.733779e-04
-2.856461e-04 1.890720e-03
-4.183622e-03 -1.819985e-03
-9.738453e-03 -1.077429e-02
4.821268e-03 -3.973781e-03
-1.126451e-02 -1.027788e-02
-2.762598e-04 1.041165e-02
3.083593e-03 -1.898642e-03
8.751713e-03 -1.626493e-02
4.383360e-03 1.104538e-02
1.782006e-05 -6.980243e-03
1.988777e-03 1.391617e-02
5.423902e-03 -4.473622e-03
-5.977687e-03 -6.250733e-04
1.069184e-03 1.724003e-02
-2.025483e-03 1.189581e-02
-8.824124e-03 -7.384518e-03
1.625157e-02 5.451829e-03
-4.833145e-03 -1.064445e-03
-5.095377e-03 -1.282352e-02
-1.144102e-02 4.204995e-04
-8.639675e-03 -4.075887e-03
-7.598431e-05 1.176523e-02
1.508130e-03 6.793481e-03
-7.177856e-03 -3.071279e-03
6.925212e-03 6.912982e-03
1.770643e-03 2.872307e-04
-9.187942e-03 -2.372043e-03
-2.977195e-03 -6.234336e-03
-6.399646e-04 9.280208e-03
3.624730e-03 7.665806e-03
7.813575e-03 8.663727e-03
3.852099e-03 -8.960580e-03
2.605089e-03 2.630704e-03
1.763039e-02 -3.757373e-03
-1.128628e-02 1.479194e-02
-9.986524e-03 -3.656976e-03
1.014029e-02 3.811196e-03
2.586477e-04 -7.971476e-03
-7.335905e-03 1.338668e-02
1.779353e-02 9.456883e-03
-4.325416e-03 1.004516e-02
-5.970362e-03 3.910865e-03
8.405922e-03 7.834130e-03
-3.320893e-03 5.997891e-03
-6.583370e-04 1.132228e-02
-5.498792e-03 1.840879e-02
7.998788e-03 -1.068611e-05
8.594382e-03 -4.303678e-03
1.494797e-02 3.886221e-03
8.933312e-03 -1.234352e-02
3.820506e-04 -1.809099e-02
-7.206682e-03 -1.493135e-02
6.246130e-03 3.978359e-03
-1.469744e-03 2.874090e-03
1.177728e-02 1.025391e-03
1.454984e-02 1.370961e-02
1.155650e-04 -5.233875e-03
4.911081e-03 3.336775e-03
5.039336e-03 -3.511371e-04
-3.676521e-04 4.542834e-03
1.567621e-02 -3.154756e-04
-1.595021e-03 -9.606901e-03
-4.120857e-03 -1.617009e-02
6.740425e-03 1.626362e-02
1.406786e-02 7.856171e-03
5.174030e-03 1.558199e-02
4.324700e-04 -6.941996e-03
1.159416e-02 -1.233589e-02
1.235105e-03 5.943405e-03
1.686961e-03 5.648260e-03
-2.339031e-03 -6.534683e-03
1.373373e-02 3.614040e-03
-1.773416e-02 -8.131873e-03
5.685306e-03 -7.988346e-03
-3.268585e-03 1.398051e-02
-7.487933e-03 2.023777e-03
-3.111841e-03 -2.289203e-03
1.130391e-02 8.077888e-03
-3.079612e-03 -1.327035e-02
1.198402e-04 -1.136928e-04
6.925115e-03 6.182321e-03
1.308986e-02 -8.022731e-04
9.070782e-03 1.160157e-02
-1.922575e-03 -6.845068e-03
3.036924e-03 -4.836959e-03
-3.620777e-03 9.401925e-04
-2.631045e-03 8.270233e-03
1.580712e-02 3.557754e-03
3.440101e-03 7.594197e-03
1.552678e-02 1.030349e-02
8.191986e-03 4.343498e-03
-6.920822e-03 -1.087778e-02
1.134597e-02 -7.554914e-03
2.120928e-03 -2.580402e-03
7.567163e-03 1.060873e-02
7.570196e-04 -1.589321e-02
1.616761e-02 -1.321155e-04
1.716856e-03 3.165419e-03
-4.596734e-04 -5.696677e-03
-1.706528e-03 -8.378018e-04
2.272386e-03 1.394984e-03
-1.190272e-02 6.770463e-03
-2.949249e-03 1.377365e-02
-7.387002e-03 -7.795639e-03
8.332097e-03 -1.068302e-02
7.999525e-03 -4.675491e-03
1.255397e-03 -2.265127e-04
1.210984e-02 2.009832e-02
1.387539e-02 5.581335e-03
1.676001e-02 1.000577e-03
1.326037e-02 -8.785566e-03
-1.552288e-02 -1.291712e-02
5.816691e-03 -5.637223e-03
1.217031e-02 -2.158642e-03
9.533472e-03 -1.406891e-02
8.524306e-04 3.143322e-03
-4.162588e-03 -1.499889e-02
-2.260671e-03 -4.712927e-03
-5.401362e-03 -7.997736e-03
1.426990e-02 1.866871e-02
-7.490703e-04 -5.573213e-03
1.014063e-02 -3.681355e-03
-7.493785e-03 3.588926e-03
-1.810571e-02 4.335041e-03
-1.258400e-02 9.444353e-03
-8.897506e-03 -3.294711e-03
3.758930e-04 2.011781e-02
1.138283e-02 -7.578021e-04
7.518571e-03 2.814445e-03
7.056573e-04 1.813401e-02
-5.508842e-03 -7.891971e-03
-1.636689e-02 -9.436284e-03
1.090914e-02 -9.477549e-03
-5.460973e-03 1.912344e-02
-1.013051e-02 1.177827e-02
1.682620e-04 2.944327e-03
-3.797659e-03 1.571565e-02
-9.436972e-03 -9.916440e-03
-7.265721e-03 -2.758426e-03
9.479658e-03 6.592561e-04
5.441475e-03 -1.165208e-02
-1.484105e-02 1.141343e-02
2.851928e-03 -8.827457e-03
-5.141807e-03 -2.208219e-03
8.542600e-03 -3.349159e-03
1.061727e-03 -8.348218e-03
-1.688795e-02 -1.128210e-02
-1.702904e-02 1.247179e-02
1.420196e-02 9.245101e-03
-2.418387e-03 -6.580971e-03
1.289131e-02 7.057148e-04
8.799759e-03 -1.438155e-02
-1.271314e-02 8.918851e-03
-3.206251e-03 -9.760270e-03
-1.684146e-02 1.596334e-02
-1.054047e-03 7.691939e-04
-1.611616e-02 2.590129e-03
-5.613735e-03 4.000478e-03
-1.793635e-02 -8.516997e-04
-1.419765e-03 5.014187e-03
1.997496e-03 -1.824404e-03
1.770675e-02 9.793101e-03
-1.379663e-03 1.687113e-02
-3.101905e-03 -3.204613e-03
1.106494e-02 -1.581351e-02
-2.789459e-04 3.734305e-03
6.158771e-03 -2.834832e-03
6.487534e-03 -1.231260e-02
-4.099209e-03 -4.666664e-03
5.894201e-03 -5.130308e-03
-8.491351e-03 9.163196e-03
-1.070825e-02 -6.549669e-03
-1.743565e-02 -1.498030e-02
-2.840696e-03 -2.733794e-03
-1.738024e-02 1.529174e-02
9.977287e-03 -1.663350e-02
-6.465214e-03 -1.734609e-02
4.302140e-03 -1.114577e-02
4.224421e-03 -5.020253e-03
1.165869e-02 5.828066e-03
-9.774610e-03 -1.295481e-03
1.486664e-02 -1.075894e-02
-4.926352e-03 -1.634471e-02
5.932672e-03 3.513503e-04
-4.884248e-04 -6.313175e-03
-9.307499e-03 1.009270e-02
9.113909e-03 -4.337430e-03
9.243930e-04 1.745431e-02
-3.308365e-03 -1.656389e-02
9.705712e-03 -5.973165e-03
-1.602657e-02 3.325367e-03
-1.391889e-02 -1.237457e-03
2.971628e-03 -7.200260e-04
3.138100e-03 2.234638e-04
7.000636e-03 9.028996e-03
-1.247509e-03 -1.050335e-02
1.040849e-02 -3.917013e-03
-2.631776e-03 5.536431e-03
1.594978e-02 -3.689752e-03
7.361811e-03 1.491216e-02
-1.596109e-03 1.492258e-02
-3.513296e-03 4.236172e-03
9.129564e-04 8.272597e-03
-1.477083e-03 -2.318973e-03
7.442950e-03 4.381266e-03
3.963782e-03 -1.631607e-02
4.646769e-03 7.364410e-03
-3.571166e-03 -5.779161e-03
1.735698e-03 -1.471741e-03
-1.757650e-03 1.087006e-03
-1.387121e-02 -2.465985e-03
-1.234890e-02 1.186298e-03
-7.025351e-03 5.764092e-03
1.052094e-02 5.883393e-03
-5.300149e-03 1.724047e-02
-1.102053e-02 1.656920e-02
-1.356211e-02 -1.552292e-02
-4.041507e-03 -2.896328e-03
6.579076e-03 -5.879002e-03
-1.981556e-03 -5.428197e-03
6.562675e-03 -1.098825e-02
-5.619065e-03 2.292620e-03
1.075008e-02 -9.699683e-03
1.652740e-02 1.934688e-03
6.546850e-03 1.691693e-03
1.490906e-02 -4.182280e-03
-8.579655e-03 9.967683e-03
1.739303e-02 8.368512e-03
-1.549816e-02 -5.522600e-03
-2.308767e-03 -1.388227e-02
2.262218e-03 -5.231208e-03
-9.904706e-03 -4.553649e-03
-8.924064e-03 -1.718744e-02
-9.981761e-03 -7.311164e-03
-1.721832e-02 -1.544288e-02
-1.800795e-02 -1.387096e-02
-1.544688e-02 1.403025e-02
-1.603752e-03 -3.565578e-04
1.592612e-02 -1.133780e-02
-8.602680e-03 -7.709591e-03
6.195798e-03 7.779781e-03
-3.678856e-03 1.322406e-03
3.543616e-03 1.050388e-03
3.291743e-03 -1.668690e-02
-7.134334e-03 -1.060538e-02
6.361341e-03 -4.298522e-03
-9.637019e-04 -3.886953e-03
-8.876714e-03 -6.815787e-03
-6.086756e-03 1.618624e-02
5.598931e-03 8.457417e-03
-2.409157e-03 -1.538080e-03
-2.513754e-03 1.484005e-03
5.873737e-03 -1.214077e-03
1.649891e-02 1.436222e-02
-6.492153e-03 -5.402355e-03
-7.712670e-03 -5.734832e-03
-1.631790e-03 -3.191023e-03
5.370215e-03 -5.259773e-03
1.011418e-02 6.282964e-03
-3.395528e-03 -1.644309e-02
-3.080387e-03 1.902102e-03
-3.766394e-03 -9.666194e-03
-2.051755e-03 1.171379e-02
-1.433436e-02 8.805201e-03
-1.085493e-02 -8.754935e-03
4.565552e-04 -1.069799e-04
1.154911e-02 1.208555e-02
-9.369713e-03 -6.096249e-03
5.672150e-03 5.188274e-03
-7.313716e-03 -1.927300e-03
9.416328e-03 -7.460394e-03
-1.219280e-02 -1.060979e-03
-3.026344e-03 1.281685e-03
2.042002e-03 -7.398021e-04
-5.953047e-04 -1.053776e-02
-3.016264e-03 -4.714714e-03
1.630905e-02 4.226099e-03
7.623387e-04 7.421721e-03
-2.130682e-03 -1.348948e-03
-1.544828e-02 -3.186924e-04
-5.328256e-03 1.223714e-02
3.943469e-03 -7.696854e-03
-1.687106e-02 2.752570e-03
-7.661675e-03 4.430684e-03
-1.660066e-02 -6.248308e-03
-1.472474e-02 -2.034532e-03
-1.456260e-03 3.849492e-04
-5.107439e-03 2.293329e-03
-6.687223e-03 -2.457938e-03
5.640957e-03 -1.215056e-02
-7.799021e-03 5.652892e-03
-7.956443e-03 1.773906e-02
4.598056e-03 1.573312e-02
-6.259208e-03 4.298554e-03
-1.022642e-02 5.330631e-04
-1.074481e-02 1.498160e-02
1.474876e-02 1.393894e-03
