400
7.072488e-02 6.661838e-01
8.399490e-01 8.878101e-02
1.213286e-01 2.557053e-01
5.693113e-01 1.543305e-01
4.370619e-01 5.454036e-01
1.874801e-02 9.574712e-01
4.063074e-02 5.511410e-01
2.478883e-01 7.132713e-01
9.355150e-02 7.605419e-01
6.948237e-01 3.166828e-01
1.453701e-01 7.368366e-02
4.531723e-01 5.289361e-01
2.155770e-01 1.332427e-01
3.539051e-01 8.959246e-02
4.926359e-01 1.766034e-01
9.133015e-01 5.966218e-01
7.658264e-01 5.542041e-01
9.736483e-01 6.760035e-01
4.023606e-01 6.989294e-01
5.527719e-01 7.617862e-01
3.063606e-01 2.486899e-01
5.866200e-01 4.466392e-01
2.749201e-01 9.730498e-02
4.546078e-01 9.238667e-01
7.576652e-01 3.979415e-02
8.175707e-01 8.887203e-01
2.575853e-01 1.548999e-01
8.930651e-01 9.447809e-02
7.184220e-01 9.492370e-01
2.061450e-02 2.692308e-01
1.427173e-01 3.140009e-01
3.253062e-01 3.264936e-01
8.089292e-01 3.227674e-01
3.989910e-01 9.595653e-01
4.247016e-01 5.564001e-01
4.137187e-01 3.594094e-01
7.871385e-01 1.441828e-01
7.135657e-01 6.172412e-01
2.311757e-02 5.459155e-01
3.157672e-01 5.013609e-01
5.627701e-01 9.541480e-01
7.481574e-01 7.143737e-01
6.096237e-01 1.706108e-01
2.033545e-01 6.612325e-01
6.536309e-01 5.787628e-01
6.626863e-01 2.843509e-01
8.710721e-01 8.427485e-01
8.112278e-01 4.486536e-01
3.741247e-01 8.659886e-01
7.520011e-02 4.829823e-01
7.605785e-01 1.635880e-01
6.376980e-02 2.965954e-01
8.410412e-01 6.357575e-01
6.926337e-01 2.217619e-01
4.459004e-01 7.924063e-01
3.623405e-01 1.255073e-01
5.160946e-01 6.314900e-01
4.573322e-01 6.816252e-01
8.083622e-01 6.465131e-01
3.162845e-01 9.705732e-02
8.437871e-01 3.115493e-01
4.892913e-01 6.036086e-02
5.401196e-01 8.590321e-01
8.261281e-01 6.647273e-01
5.216043e-01 3.272853e-02
1.425993e-01 9.382384e-01
3.022636e-01 2.975914e-01
8.070227e-01 9.859018e-01
3.194950e-01 5.724180e-02
2.122574e-02 6.018808e-01
4.824458e-01 4.517650e-01
2.602627e-02 7.638071e-01
5.055741e-01 8.487069e-01
9.180300e-01 2.692591e-01
2.069661e-01 9.608642e-01
9.257328e-01 8.087120e-01
2.773230e-01 2.480970e-01
1.760621e-01 9.095015e-01
9.903012e-01 5.171197e-01
6.926506e-01 5.205765e-01
7.521400e-01 7.347417e-01
1.162166e-01 8.823315e-01
8.600072e-02 6.448171e-01
6.656246e-01 1.024768e-01
3.295714e-01 7.162813e-01
3.616506e-01 4.559303e-01
5.261110e-01 3.968997e-01
4.247300e-01 3.238341e-01
8.197807e-01 4.749568e-01
5.712847e-01 8.670082e-01
8.811107e-01 9.418459e-01
8.006035e-01 2.824119e-01
3.499252e-01 8.448135e-01
7.727387e-01 4.924974e-01
8.964967e-01 2.689768e-01
7.857303e-01 2.544652e-01
2.834074e-01 6.442015e-01
8.819084e-01 4.053556e-01
5.453826e-01 8.336855e-01
8.280221e-01 4.354379e-01
2.336920e-01 8.370287e-01
2.028776e-01 5.417892e-01
9.583362e-01 8.895049e-01
7.661528e-01 7.753136e-01
1.882508e-01 2.764783e-01
4.693813e-01 1.526077e-01
5.025302e-01 8.389514e-01
1.723629e-01 7.393599e-01
2.984069e-01 1.032556e-01
2.688073e-01 4.268986e-01
8.868981e-01 6.772733e-01
5.032553e-01 4.385329e-01
5.722376e-01 3.156766e-01
3.424196e-01 8.611660e-01
6.096457e-01 7.305906e-01
1.206174e-01 1.518948e-01
3.891810e-02 1.822473e-01
9.999755e-01 7.095936e-01
2.679478e-01 6.700223e-01
2.572064e-01 4.380348e-01
2.766415e-01 4.970675e-01
2.517415e-01 9.394579e-01
8.977370e-01 9.791290e-01
8.352463e-01 6.596556e-01
1.463162e-01 4.040852e-01
9.954432e-01 7.338077e-01
3.557291e-01 4.894621e-01
5.471308e-01 7.518059e-01
4.918155e-01 1.567413e-01
1.296584e-01 2.812490e-01
8.600535e-01 2.267207e-01
2.183979e-01 9.759855e-01
8.243314e-01 6.498717e-01
9.982831e-01 2.214756e-01
9.912957e-01 2.405296e-01
1.576698e-01 6.049179e-01
4.706660e-01 8.720306e-01
7.074315e-01 1.117623e-01
3.400059e-01 8.996906e-01
6.967500e-01 4.067227e-01
7.484077e-01 1.657510e-01
8.170354e-01 3.547743e-01
8.477220e-01 1.243352e-01
8.157104e-02 2.698492e-01
3.076837e-01 6.587793e-01
5.609863e-01 4.939026e-01
9.198604e-01 6.836786e-01
9.488133e-02 1.038462e-01
4.058990e-01 9.183332e-01
5.384637e-01 4.028655e-01
6.495733e-01 6.041495e-01
3.099616e-01 7.617492e-03
8.413538e-01 4.887116e-01
4.966650e-01 9.440165e-01
7.037397e-01 4.666662e-01
6.788830e-01 1.320125e-01
6.234036e-01 3.188321e-01
9.978124e-01 1.374031e-01
1.596472e-01 6.706251e-01
8.195421e-01 8.538224e-01
3.024983e-01 4.571373e-02
1.059217e-01 2.160271e-02
2.863041e-01 2.265789e-01
7.136045e-01 2.053418e-01
2.384363e-01 4.254636e-03
6.976657e-01 3.427976e-01
2.552787e-02 1.615802e-01
9.284988e-01 8.096769e-01
3.630763e-01 4.225370e-01
8.000573e-01 2.368874e-01
7.195558e-01 9.233607e-01
6.024905e-01 2.906743e-01
2.314610e-01 9.744389e-01
4.435877e-01 1.372790e-01
6.430750e-01 8.229890e-01
7.823840e-01 7.807963e-01
7.937623e-01 6.263000e-01
3.809289e-01 4.605746e-01
4.079170e-01 4.002725e-01
1.056592e-01 9.647181e-01
4.390027e-01 6.387536e-01
8.542306e-01 9.128978e-01
9.694292e-01 5.429977e-01
7.201512e-01 4.165181e-01
4.100913e-01 2.156922e-01
1.391765e-01 4.577279e-01
2.209581e-02 9.454608e-01
2.223763e-01 5.225007e-01
3.567457e-01 6.055834e-01
7.827575e-01 6.723732e-01
4.494012e-01 7.830403e-01
4.769318e-01 7.823459e-01
5.162858e-01 4.370312e-01
3.684803e-01 5.266602e-01
2.624273e-01 4.503701e-01
8.028280e-01 8.346829e-01
9.007708e-01 9.368545e-01
3.610838e-01 5.642841e-01
8.840647e-01 2.091330e-01
3.061273e-01 8.500334e-02
2.836894e-01 8.561611e-01
2.128943e-01 6.459958e-01
4.202665e-01 8.694657e-01
1.258210e-01 9.605412e-01
9.929236e-01 6.090543e-01
4.335343e-01 7.139354e-01
6.167053e-01 2.487440e-01
9.790773e-01 4.900117e-01
2.933545e-01 9.073160e-01
4.543118e-01 4.583756e-01
3.981369e-01 4.900747e-01
7.885891e-01 3.177984e-01
6.174542e-01 8.350883e-01
5.915260e-01 6.971290e-01
1.246218e-01 6.762468e-01
3.092920e-02 6.745663e-01
2.320984e-01 6.828833e-02
1.275549e-02 7.374103e-01
2.746375e-01 8.184823e-01
9.419144e-01 9.159014e-01
2.767679e-01 7.740253e-02
7.578820e-02 5.091142e-01
2.743522e-01 1.449540e-01
9.860264e-01 2.298864e-01
4.226244e-01 9.252716e-02
7.301595e-01 5.373269e-01
6.151895e-01 8.931424e-01
1.807403e-01 1.529106e-01
7.438294e-01 5.022699e-01
3.654817e-01 6.221920e-01
7.767620e-01 9.496456e-01
7.933227e-01 6.219022e-01
6.343035e-01 6.059338e-01
7.606411e-01 1.531109e-01
6.380529e-01 3.859614e-01
6.551339e-01 4.353672e-01
4.788157e-04 4.394522e-01
5.314631e-01 5.109834e-01
1.785388e-01 3.657553e-01
7.691337e-01 7.050073e-01
2.502528e-02 7.916586e-01
6.586988e-02 2.253034e-01
3.262640e-01 2.279828e-01
5.839301e-01 9.787403e-01
1.005777e-01 2.714258e-02
5.019233e-01 5.320758e-01
8.009962e-01 6.430587e-02
7.036976e-02 1.070806e-01
8.389034e-01 5.992984e-01
6.902762e-01 1.960861e-01
1.241576e-01 6.354658e-01
5.335949e-01 5.991121e-01
8.444470e-01 9.639181e-01
6.173446e-01 7.522156e-01
9.945200e-01 7.828035e-01
3.341830e-01 9.297384e-02
8.442756e-01 5.459580e-01
4.062772e-01 3.721125e-01
8.566182e-01 4.065224e-01
7.963260e-01 9.523840e-01
1.057415e-01 1.152986e-01
7.153791e-01 6.491308e-01
8.298700e-01 8.624186e-01
6.347732e-01 1.117449e-01
3.403325e-01 7.076614e-01
1.912833e-01 2.199402e-01
5.663815e-01 3.179629e-01
2.703187e-02 8.397296e-01
5.297502e-02 4.154494e-02
8.162692e-01 7.968846e-01
8.232336e-01 8.230392e-01
2.302297e-02 3.515034e-01
1.869510e-01 6.221475e-01
6.743304e-01 5.076684e-01
9.083580e-01 2.577657e-01
7.159157e-01 7.829778e-01
7.890443e-01 1.811459e-02
8.857786e-02 5.378787e-01
4.315182e-01 9.609158e-01
9.143804e-01 5.934277e-01
7.641542e-01 3.200244e-01
2.056396e-01 2.023390e-01
2.317839e-01 9.645510e-01
8.964090e-01 5.718657e-01
7.431036e-01 9.270905e-03
4.182228e-01 1.756567e-01
9.749436e-01 3.790161e-01
9.730854e-01 4.495368e-01
5.670014e-02 3.603871e-01
5.398721e-01 9.223765e-01
8.632516e-01 3.116798e-01
5.924740e-01 8.196730e-01
8.970636e-01 8.827421e-01
5.483280e-01 4.213540e-01
8.422412e-01 6.250137e-03
6.329605e-01 3.372567e-01
7.911907e-01 9.298632e-01
4.350609e-02 8.443847e-01
2.725334e-01 5.596499e-01
6.288422e-01 6.594162e-01
5.969046e-01 8.608941e-01
9.828048e-01 3.627779e-01
6.169157e-01 3.223663e-01
5.711356e-01 6.342610e-01
7.099567e-01 5.831764e-01
3.214647e-01 8.358010e-02
4.155992e-01 4.230714e-01
5.710987e-01 1.243529e-01
1.790004e-01 4.892356e-01
6.992525e-01 5.422002e-01
4.498389e-01 3.633298e-01
4.124311e-01 4.902956e-01
9.667302e-01 6.966871e-01
5.400699e-02 1.470563e-01
7.224422e-01 3.100214e-01
6.280255e-01 4.725298e-01
4.085898e-01 6.476789e-01
1.645995e-01 7.372612e-01
3.638256e-01 2.990051e-01
2.570426e-01 4.661679e-01
6.073437e-01 2.610039e-01
9.560232e-01 1.240795e-01
8.824341e-01 2.289143e-01
6.255084e-01 9.666513e-01
6.704661e-01 8.191177e-01
8.971608e-01 6.254700e-01
6.817667e-01 2.719988e-01
4.910613e-01 7.856493e-01
7.498204e-01 9.680587e-01
2.398238e-01 1.419183e-01
9.856824e-03 8.893965e-02
8.307214e-02 1.630067e-01
5.051845e-01 8.962784e-01
4.928513e-01 2.619723e-01
6.386303e-01 5.440312e-01
5.749081e-01 9.718412e-01
7.472491e-02 9.377928e-01
3.962622e-01 5.552466e-01
3.862723e-01 5.036532e-01
3.386457e-01 3.392349e-01
5.269039e-01 2.227014e-02
5.328788e-01 4.853874e-01
5.386053e-01 2.521797e-01
7.180276e-01 6.163780e-03
4.095732e-01 4.874804e-02
6.007986e-01 9.044929e-01
3.565815e-02 1.485593e-01
4.136190e-01 1.941398e-01
9.144797e-01 5.091761e-01
8.914237e-01 6.050786e-01
8.555482e-01 1.476353e-01
3.282364e-01 3.485879e-01
8.624362e-02 9.851048e-01
3.426793e-01 7.887198e-01
6.057043e-03 2.090762e-01
5.096542e-02 9.613704e-01
9.554444e-01 3.269135e-02
7.819030e-01 3.466021e-01
5.397507e-01 9.943461e-01
9.977375e-01 5.590410e-01
8.887729e-01 5.746016e-01
8.279203e-02 9.077049e-01
2.206737e-01 7.286513e-01
8.511130e-01 5.544094e-01
8.840810e-01 8.750734e-01
4.811637e-01 6.532893e-02
2.272044e-01 7.555922e-01
7.677495e-01 4.732847e-01
6.081366e-02 1.417555e-01
1.691016e-01 4.972629e-01
3.028596e-01 8.467091e-01
3.713695e-02 7.158996e-01
9.983471e-01 4.374061e-01
6.356574e-01 7.338411e-01
4.253545e-01 2.459496e-01
4.265653e-01 1.140270e-01
5.234845e-01 5.714763e-02
7.399931e-01 2.060804e-01
8.269272e-01 9.499376e-01
4.435576e-01 7.459999e-01
4.892640e-01 8.265253e-01
2.879747e-01 7.695502e-01
2.763761e-02 1.829935e-01
1.029849e-01 6.163473e-01
4.608940e-01 7.411883e-01
3.773495e-01 5.853741e-01
6.180924e-01 3.396990e-01
8.888140e-01 5.199941e-01
7.028776e-01 8.053998e-01
4.399626e-02 3.167059e-01
1.559994e-01 5.694761e-01
1.215973e-01 6.139651e-01
7.120544e-01 1.732094e-01
3.750621e-01 2.335797e-01
5.638217e-01 8.102189e-01
9.306215e-01 7.569049e-01
7.634199e-01 1.416872e-01
4.710678e-01 5.870970e-01
4.411522e-02 3.576457e-01
5.124236e-01 1.853775e-01
